10 10 10 10 10 10 10 10 10 10 10 10 10 10 10 10 10 10 10 10 10 10 90 90 90 90 90 90 90 90 90 90 90 90 90 90 90 90 90 90 
10 10 10 10 10 10 10 10 10 10 10 10 10 10 10 10 10 10 10 10 10 10 90 90 90 90 90 90 90 90 90 90 90 90 90 90 90 90 90 90 
10 10 10 10 10 10 10 10 10 10 10 10 10 10 10 10 10 10 10 10 10 10 90 90 90 90 90 90 90 90 90 90 90 90 90 90 90 90 90 90 
10 10 10 10 10 10 10 10 10 10 10 10 10 10 10 10 10 10 10 10 10 10 90 90 90 90 90 90 90 90 90 90 90 90 90 90 90 90 90 90 
10 10 10 10 10 10 10 10 10 10 10 10 10 10 10 10 10 10 10 10 10 10 90 90 90 90 90 90 90 90 90 90 90 90 90 90 90 90 90 90 
20 20 20 20 20 20 20 20 20 20 20 20 20 20 20 20 20 20 20 20 20 20 90 90 90 90 90 90 90 90 90 90 90 90 90 90 90 90 90 90 
20 20 20 20 20 20 20 20 20 20 20 20 20 20 20 20 20 20 20 20 20 20 90 90 90 90 90 90 90 90 90 90 90 90 90 90 90 90 90 90 
20 20 20 20 20 20 20 20 20 20 20 20 20 20 20 20 20 20 20 20 20 20 90 90 90 90 90 90 90 90 90 90 90 90 90 90 90 90 90 90 
20 20 20 20 20 20 20 20 20 20 20 20 20 20 20 20 20 20 20 20 20 20 90 90 90 90 90 90 90 90 90 90 90 90 90 90 90 90 90 90 
30 30 30 30 40 40 40 40 40 40 40 40 40 40 40 70 70 70 70 70 70 70 90 90 90 90 90 90 90 90 90 90 90 90 90 90 90 90 90 90 
30 30 30 30 40 40 40 40 40 40 40 40 40 40 40 70 70 70 70 70 70 70 90 90 90 90 90 90 90 90 90 90 90 90 90 90 90 90 90 90 
30 30 30 30 40 40 40 40 40 40 40 40 40 40 40 70 70 70 70 70 70 70 90 90 90 90 90 90 90 90 90 90 90 90 90 90 90 90 90 90 
30 30 30 30 40 40 40 40 40 40 40 40 40 40 40 70 70 70 70 70 70 70 90 90 90 90 90 90 90 90 90 90 90 90 90 90 90 90 90 90 
30 30 30 30 40 40 40 40 40 40 40 40 40 40 40 70 70 70 70 70 70 70 90 90 90 90 90 90 90 90 90 90 90 90 90 90 90 90 90 90 
30 30 30 30 40 40 40 40 40 40 40 40 40 40 40 70 70 70 70 70 70 70 90 90 90 90 90 90 90 90 90 90 90 90 90 90 90 90 90 90 
30 30 30 30 40 40 40 40 40 40 40 40 40 40 40 70 70 70 70 70 70 70 90 90 90 90 90 90 90 90 90 90 90 90 90 90 90 90 90 90 
30 30 30 30 40 40 40 40 40 40 40 40 40 40 40 70 70 70 70 70 70 70 90 90 90 90 90 90 90 90 90 90 90 90 90 90 90 90 90 90 
30 30 30 30 40 40 40 40 40 40 40 40 40 40 40 70 70 70 70 70 70 70 80 80 80 80 80 80 80 50 50 50 50 50 50 50 50 50 50 50 
30 30 30 30 40 40 40 40 40 40 40 40 40 40 40 70 70 70 70 70 70 70 80 80 80 80 80 80 80 50 50 50 50 50 50 50 50 50 50 50 
30 30 30 30 40 40 40 40 40 40 40 40 40 40 40 70 70 70 70 70 70 70 80 80 80 80 80 80 80 50 50 50 50 50 50 50 50 50 50 50 
30 30 30 30 40 40 40 40 40 40 40 40 40 40 40 70 70 70 70 70 70 70 80 80 80 80 80 80 80 50 50 50 50 50 50 50 50 50 50 50 
30 30 30 30 40 40 40 40 40 40 40 40 40 40 40 70 70 70 70 70 70 70 80 80 80 80 80 80 80 50 50 50 50 50 50 50 50 50 50 50 
30 30 30 30 40 40 40 40 40 40 40 40 40 40 40 70 70 70 70 70 70 70 80 80 80 80 80 80 80 50 50 50 50 50 50 50 50 50 50 50 
30 30 30 30 40 40 40 40 40 40 40 40 40 40 40 70 70 70 70 70 70 70 80 80 80 80 80 80 80 50 50 50 50 50 50 50 50 50 50 50 
30 30 30 30 40 40 40 40 40 40 40 40 40 40 40 70 70 70 70 70 70 70 80 80 80 80 80 80 80 50 50 50 50 50 50 50 50 50 50 50 
30 30 30 30 40 40 40 40 40 40 40 40 40 40 40 70 70 70 70 70 70 70 80 80 80 80 80 80 80 50 50 50 50 50 50 50 50 50 50 50 
0 0 0 0 0 0 0 0 0 0 0 0 0 0 0 0 0 0 0 0 0 0 80 80 80 80 80 80 80 50 50 50 50 50 50 50 50 50 50 50 
0 0 0 0 0 0 0 0 0 0 0 0 0 0 0 0 0 0 0 0 0 0 80 80 80 80 80 80 80 50 50 50 50 50 50 50 50 50 50 50 
0 0 0 0 0 0 0 0 0 0 0 0 0 0 0 0 0 0 0 0 0 0 80 80 80 80 80 80 80 50 50 50 50 50 50 50 50 50 50 50 
0 0 0 0 0 0 0 0 0 0 0 0 0 0 0 0 0 0 0 0 0 0 80 80 80 80 80 80 80 50 50 50 50 50 50 50 50 50 50 50 
0 0 0 0 0 0 0 0 0 0 0 0 0 0 0 0 0 0 0 0 0 0 80 80 80 80 80 80 80 60 60 60 60 60 60 60 60 60 60 60 
0 0 0 0 0 0 0 0 0 0 0 0 0 0 0 0 0 0 0 0 0 0 80 80 80 80 80 80 80 60 60 60 60 60 60 60 60 60 60 60 
0 0 0 0 0 0 0 0 0 0 0 0 0 0 0 0 0 0 0 0 0 0 80 80 80 80 80 80 80 60 60 60 60 60 60 60 60 60 60 60 
0 0 0 0 0 0 0 0 0 0 0 0 0 0 0 0 0 0 0 0 0 0 80 80 80 80 80 80 80 60 60 60 60 60 60 60 60 60 60 60 
0 0 0 0 0 0 0 0 0 0 0 0 0 0 0 0 0 0 0 0 0 0 80 80 80 80 80 80 80 60 60 60 60 60 60 60 60 60 60 60 
0 0 0 0 0 0 0 0 0 0 0 0 0 0 0 0 0 0 0 0 0 0 80 80 80 80 80 80 80 60 60 60 60 60 60 60 60 60 60 60 
0 0 0 0 0 0 0 0 0 0 0 0 0 0 0 0 0 0 0 0 0 0 80 80 80 80 80 80 80 60 60 60 60 60 60 60 60 60 60 60 
0 0 0 0 0 0 0 0 0 0 0 0 0 0 0 0 0 0 0 0 0 0 80 80 80 80 80 80 80 60 60 60 60 60 60 60 60 60 60 60 
0 0 0 0 0 0 0 0 0 0 0 0 0 0 0 0 0 0 0 0 0 0 80 80 80 80 80 80 80 60 60 60 60 60 60 60 60 60 60 60 
0 0 0 0 0 0 0 0 0 0 0 0 0 0 0 0 0 0 0 0 0 0 80 80 80 80 80 80 80 60 60 60 60 60 60 60 60 60 60 60 
3 1 1 1 1 1 1 1 1 4 