2
MD

AE
WA
1000 0 1100 0 0 0 1000 0 0 0 0 0 0.5 0.5 0.5 0.5 0.5 0.5 0 0 
WA
1000 0 1150 0 0 0 1000 0 0 0 0 0 0.5 0.5 0.5 0.5 0.5 0.5 0 0 
WA
1000 0 1550 0 0 0 1000 0 0 0 0 0 0.5 0.5 0.5 0.5 0.5 0.5 0 0 
WA
1000 0 1600 0 0 0 1000 0 0 0 0 0 0.5 0.5 0.5 0.5 0.5 0.5 0 0 
WA
1000 50 1100 0 0 0 1000 0 0 0 0 0 0.5 0.5 0.5 0.5 0.5 0.5 0 0 
WA
1000 50 1150 0 0 0 1000 0 0 0 0 0 0.5 0.5 0.5 0.5 0.5 0.5 0 0 
WA
1000 50 1550 0 0 0 1000 0 0 0 0 0 0.5 0.5 0.5 0.5 0.5 0.5 0 0 
CW
1000 50 1600 0 0 0 1000 0 0 0 0 0 0.5 0.5 0.5 0.5 0.5 0.5 0 0 
WA
1000 100 1100 0 0 0 1000 0 0 0 0 0 0.5 0.5 0.5 0.5 0.5 0.5 0 0 
WA
1000 100 1150 0 0 0 1000 0 0 0 0 0 0.5 0.5 0.5 0.5 0.5 0.5 0 0 
CW
1000 100 1500 180 0 0 1000 0 0 0 0 0 0.5 0.5 0.5 0.5 0.5 0.5 0 0 
WA
1000 100 1550 0 0 0 1000 0 0 0 0 0 0.5 0.5 0.5 0.5 0.5 0.5 0 0 
WA
1000 150 1100 0 0 0 1000 0 0 0 0 0 0.5 0.5 0.5 0.5 0.5 0.5 0 0 
WA
1000 150 1150 0 0 0 1000 0 0 0 0 0 0.5 0.5 0.5 0.5 0.5 0.5 0 0 
WA
1000 150 1500 0 0 0 1000 0 0 0 0 0 0.5 0.5 0.5 0.5 0.5 0.5 0 0 
WA
1000 150 1550 0 0 0 1000 0 0 0 0 0 0.5 0.5 0.5 0.5 0.5 0.5 0 0 
WA
1000 200 1100 0 0 0 1000 0 0 0 0 0 0.5 0.5 0.5 0.5 0.5 0.5 0 0 
CW
1000 200 1150 0 0 0 1000 0 0 0 0 0 0.5 0.5 0.5 0.5 0.5 0.5 0 0 
CW
1000 200 1500 270 0 0 1000 0 0 0 0 0 0.5 0.5 0.5 0.5 0.5 0.5 0 0 
WA
1000 200 1550 0 0 0 1000 0 0 0 0 0 0.5 0.5 0.5 0.5 0.5 0.5 0 0 
CW
1000 250 1050 180 0 0 1000 0 0 0 0 0 0.5 0.5 0.5 0.5 0.5 0.5 0 0 
WA
1000 250 1100 0 0 0 1000 0 0 0 0 0 0.5 0.5 0.5 0.5 0.5 0.5 0 0 
WA
1000 250 1550 0 0 0 1000 0 0 0 0 0 0.5 0.5 0.5 0.5 0.5 0.5 0 0 
CW
1000 250 1600 90 0 0 1000 0 0 0 0 0 0.5 0.5 0.5 0.5 0.5 0.5 0 0 
WA
1000 300 1550 0 0 0 1000 0 0 0 0 0 0.5 0.5 0.5 0.5 0.5 0.5 0 0 
WA
1000 300 1600 0 0 0 1000 0 0 0 0 0 0.5 0.5 0.5 0.5 0.5 0.5 0 0 
WA
1000 350 1050 0 0 0 1000 0 0 0 0 0 0.5 0.5 0.5 0.5 0.5 0.5 0 0 
WA
1000 350 1100 0 0 0 1000 0 0 0 0 0 0.5 0.5 0.5 0.5 0.5 0.5 0 0 
WA
1000 350 1550 0 0 0 1000 0 0 0 0 0 0.5 0.5 0.5 0.5 0.5 0.5 0 0 
WA
1000 350 1600 0 0 0 1000 0 0 0 0 0 0.5 0.5 0.5 0.5 0.5 0.5 0 0 
WA
1000 400 1050 0 0 0 1000 0 0 0 0 0 0.5 0.5 0.5 0.5 0.5 0.5 0 0 
WA
1000 400 1100 0 0 0 1000 0 0 0 0 0 0.5 0.5 0.5 0.5 0.5 0.5 0 0 
WA
1000 400 1550 0 0 0 1000 0 0 0 0 0 0.5 0.5 0.5 0.5 0.5 0.5 0 0 
WA
1000 400 1600 0 0 0 1000 0 0 0 0 0 0.5 0.5 0.5 0.5 0.5 0.5 0 0 
WA
1000 450 1050 0 0 0 1000 0 0 0 0 0 0.5 0.5 0.5 0.5 0.5 0.5 0 0 
CW
1000 450 1100 0 0 0 1000 0 0 0 0 0 0.5 0.5 0.5 0.5 0.5 0.5 0 0 
WA
1000 450 1550 0 0 0 1000 0 0 0 0 0 0.5 0.5 0.5 0.5 0.5 0.5 0 0 
WA
1000 450 1600 0 0 0 1000 0 0 0 0 0 0.5 0.5 0.5 0.5 0.5 0.5 0 0 
CW
1000 500 1000 180 0 0 1000 0 0 0 0 0 0.5 0.5 0.5 0.5 0.5 0.5 0 0 
CW
1000 500 1050 0 0 0 1000 0 0 0 0 0 0.5 0.5 0.5 0.5 0.5 0.5 0 0 
WA
1000 500 1550 0 0 0 1000 0 0 0 0 0 0.5 0.5 0.5 0.5 0.5 0.5 0 0 
WA
1000 500 1600 0 0 0 1000 0 0 0 0 0 0.5 0.5 0.5 0.5 0.5 0.5 0 0 
CW
1000 550 950 180 0 0 1000 0 0 0 0 0 0.5 0.5 0.5 0.5 0.5 0.5 0 0 
WA
1000 550 1000 0 0 0 1000 0 0 0 0 0 0.5 0.5 0.5 0.5 0.5 0.5 0 0 
WA
1000 550 1550 0 0 0 1000 0 0 0 0 0 0.5 0.5 0.5 0.5 0.5 0.5 0 0 
CW
1000 550 1600 0 0 0 1000 0 0 0 0 0 0.5 0.5 0.5 0.5 0.5 0.5 0 0 
WA
1000 600 950 0 0 0 1000 0 0 0 0 0 0.5 0.5 0.5 0.5 0.5 0.5 0 0 
WA
1000 600 1000 0 0 0 1000 0 0 0 0 0 0.5 0.5 0.5 0.5 0.5 0.5 0 0 
CW
1000 600 1500 180 0 0 1000 0 0 0 0 0 0.5 0.5 0.5 0.5 0.5 0.5 0 0 
WA
1000 600 1550 0 0 0 1000 0 0 0 0 0 0.5 0.5 0.5 0.5 0.5 0.5 0 0 
WA
1000 650 950 0 0 0 1000 0 0 0 0 0 0.5 0.5 0.5 0.5 0.5 0.5 0 0 
WA
1000 650 1000 0 0 0 1000 0 0 0 0 0 0.5 0.5 0.5 0.5 0.5 0.5 0 0 
CW
1000 650 1450 180 0 0 1000 0 0 0 0 0 0.5 0.5 0.5 0.5 0.5 0.5 0 0 
WA
1000 650 1500 0 0 0 1000 0 0 0 0 0 0.5 0.5 0.5 0.5 0.5 0.5 0 0 
CW
1000 650 1550 0 0 0 1000 0 0 0 0 0 0.5 0.5 0.5 0.5 0.5 0.5 0 0 
WA
1000 700 950 0 0 0 1000 0 0 0 0 0 0.5 0.5 0.5 0.5 0.5 0.5 0 0 
WA
1000 700 1000 0 0 0 1000 0 0 0 0 0 0.5 0.5 0.5 0.5 0.5 0.5 0 0 
CW
1000 700 1400 180 0 0 1000 0 0 0 0 0 0.5 0.5 0.5 0.5 0.5 0.5 0 0 
WA
1000 700 1450 0 0 0 1000 0 0 0 0 0 0.5 0.5 0.5 0.5 0.5 0.5 0 0 
CW
1000 700 1500 0 0 0 1000 0 0 0 0 0 0.5 0.5 0.5 0.5 0.5 0.5 0 0 
WA
1000 750 950 0 0 0 1000 0 0 0 0 0 0.5 0.5 0.5 0.5 0.5 0.5 0 0 
WA
1000 750 1000 0 0 0 1000 0 0 0 0 0 0.5 0.5 0.5 0.5 0.5 0.5 0 0 
CW
1000 750 1350 180 0 0 1000 0 0 0 0 0 0.5 0.5 0.5 0.5 0.5 0.5 0 0 
WA
1000 750 1400 0 0 0 1000 0 0 0 0 0 0.5 0.5 0.5 0.5 0.5 0.5 0 0 
WA
1000 800 950 0 0 0 1000 0 0 0 0 0 0.5 0.5 0.5 0.5 0.5 0.5 0 0 
CW
1000 800 1000 0 0 0 1000 0 0 0 0 0 0.5 0.5 0.5 0.5 0.5 0.5 0 0 
WA
1000 800 1350 0 0 0 1000 0 0 0 0 0 0.5 0.5 0.5 0.5 0.5 0.5 0 0 
CW
1000 800 1400 0 0 0 1000 0 0 0 0 0 0.5 0.5 0.5 0.5 0.5 0.5 0 0 
CW
1000 850 900 180 0 0 1000 0 0 0 0 0 0.5 0.5 0.5 0.5 0.5 0.5 0 0 
WA
1000 850 950 0 0 0 1000 0 0 0 0 0 0.5 0.5 0.5 0.5 0.5 0.5 0 0 
WA
1000 900 1300 0 0 0 1000 0 0 0 0 0 0.5 0.5 0.5 0.5 0.5 0.5 0 0 
WA
1000 900 1350 0 0 0 1000 0 0 0 0 0 0.5 0.5 0.5 0.5 0.5 0.5 0 0 
WA
1000 950 900 0 0 0 1000 0 0 0 0 0 0.5 0.5 0.5 0.5 0.5 0.5 0 0 
WA
1000 950 950 0 0 0 1000 0 0 0 0 0 0.5 0.5 0.5 0.5 0.5 0.5 0 0 
WA
1000 950 1300 0 0 0 1000 0 0 0 0 0 0.5 0.5 0.5 0.5 0.5 0.5 0 0 
WA
1000 950 1350 0 0 0 1000 0 0 0 0 0 0.5 0.5 0.5 0.5 0.5 0.5 0 0 
CW
1000 1000 650 180 0 0 1000 0 0 0 0 0 0.5 0.5 0.5 0.5 0.5 0.5 0 0 
WA
1000 1000 700 0 0 0 1000 0 0 0 0 0 0.5 0.5 0.5 0.5 0.5 0.5 0 0 
WA
1000 1000 750 0 0 0 1000 0 0 0 0 0 0.5 0.5 0.5 0.5 0.5 0.5 0 0 
WA
1000 1000 800 0 0 0 1000 0 0 0 0 0 0.5 0.5 0.5 0.5 0.5 0.5 0 0 
WA
1000 1000 850 0 0 0 1000 0 0 0 0 0 0.5 0.5 0.5 0.5 0.5 0.5 0 0 
WA
1000 1000 900 0 0 0 1000 0 0 0 0 0 0.5 0.5 0.5 0.5 0.5 0.5 0 0 
CW
1000 1000 950 0 0 0 1000 0 0 0 0 0 0.5 0.5 0.5 0.5 0.5 0.5 0 0 
WA
1000 1000 1300 0 0 0 1000 0 0 0 0 0 0.5 0.5 0.5 0.5 0.5 0.5 0 0 
WA
1000 1000 1350 0 0 0 1000 0 0 0 0 0 0.5 0.5 0.5 0.5 0.5 0.5 0 0 
WA
1000 1050 650 0 0 0 1000 0 0 0 0 0 0.5 0.5 0.5 0.5 0.5 0.5 0 0 
WA
1000 1050 700 0 0 0 1000 0 0 0 0 0 0.5 0.5 0.5 0.5 0.5 0.5 0 0 
WA
1000 1050 750 0 0 0 1000 0 0 0 0 0 0.5 0.5 0.5 0.5 0.5 0.5 0 0 
WA
1000 1050 800 0 0 0 1000 0 0 0 0 0 0.5 0.5 0.5 0.5 0.5 0.5 0 0 
WA
1000 1050 850 0 0 0 1000 0 0 0 0 0 0.5 0.5 0.5 0.5 0.5 0.5 0 0 
CW
1000 1050 900 0 0 0 1000 0 0 0 0 0 0.5 0.5 0.5 0.5 0.5 0.5 0 0 
WA
1000 1050 1300 0 0 0 1000 0 0 0 0 0 0.5 0.5 0.5 0.5 0.5 0.5 0 0 
WA
1000 1050 1350 0 0 0 1000 0 0 0 0 0 0.5 0.5 0.5 0.5 0.5 0.5 0 0 
WA
1000 1100 1300 0 0 0 1000 0 0 0 0 0 0.5 0.5 0.5 0.5 0.5 0.5 0 0 
CW
1000 1100 1350 0 0 0 1000 0 0 0 0 0 0.5 0.5 0.5 0.5 0.5 0.5 0 0 
WA
1000 1150 600 0 0 0 1000 0 0 0 0 0 0.5 0.5 0.5 0.5 0.5 0.5 0 0 
WA
1000 1150 650 0 0 0 1000 0 0 0 0 0 0.5 0.5 0.5 0.5 0.5 0.5 0 0 
CW
1000 1150 1250 180 0 0 1000 0 0 0 0 0 0.5 0.5 0.5 0.5 0.5 0.5 0 0 
WA
1000 1150 1300 0 0 0 1000 0 0 0 0 0 0.5 0.5 0.5 0.5 0.5 0.5 0 0 
CW
1000 1150 1850 180 0 0 1000 0 0 0 0 0 0.5 0.5 0.5 0.5 0.5 0.5 0 0 
WA
1000 1150 1900 0 0 0 1000 0 0 0 0 0 0.5 0.5 0.5 0.5 0.5 0.5 0 0 
WA
1000 1150 1950 0 0 0 1000 0 0 0 0 0 0.5 0.5 0.5 0.5 0.5 0.5 0 0 
WA
1000 1200 600 0 0 0 1000 0 0 0 0 0 0.5 0.5 0.5 0.5 0.5 0.5 0 0 
WA
1000 1200 650 0 0 0 1000 0 0 0 0 0 0.5 0.5 0.5 0.5 0.5 0.5 0 0 
WA
1000 1200 1250 0 0 0 1000 0 0 0 0 0 0.5 0.5 0.5 0.5 0.5 0.5 0 0 
WA
1000 1200 1300 0 0 0 1000 0 0 0 0 0 0.5 0.5 0.5 0.5 0.5 0.5 0 0 
CW
1000 1200 1750 180 0 0 1000 0 0 0 0 0 0.5 0.5 0.5 0.5 0.5 0.5 0 0 
WA
1000 1200 1800 0 0 0 1000 0 0 0 0 0 0.5 0.5 0.5 0.5 0.5 0.5 0 0 
WA
1000 1200 1850 0 0 0 1000 0 0 0 0 0 0.5 0.5 0.5 0.5 0.5 0.5 0 0 
WA
1000 1200 1900 0 0 0 1000 0 0 0 0 0 0.5 0.5 0.5 0.5 0.5 0.5 0 0 
WA
1000 1200 1950 0 0 0 1000 0 0 0 0 0 0.5 0.5 0.5 0.5 0.5 0.5 0 0 
CW
1000 1250 1200 180 0 0 1000 0 0 0 0 0 0.5 0.5 0.5 0.5 0.5 0.5 0 0 
WA
1000 1250 1250 0 0 0 1000 0 0 0 0 0 0.5 0.5 0.5 0.5 0.5 0.5 0 0 
WA
1000 1250 1300 0 0 0 1000 0 0 0 0 0 0.5 0.5 0.5 0.5 0.5 0.5 0 0 
CW
1000 1250 1700 180 0 0 1000 0 0 0 0 0 0.5 0.5 0.5 0.5 0.5 0.5 0 0 
WA
1000 1250 1750 0 0 0 1000 0 0 0 0 0 0.5 0.5 0.5 0.5 0.5 0.5 0 0 
WA
1000 1250 1800 0 0 0 1000 0 0 0 0 0 0.5 0.5 0.5 0.5 0.5 0.5 0 0 
WA
1000 1300 600 0 0 0 1000 0 0 0 0 0 0.5 0.5 0.5 0.5 0.5 0.5 0 0 
WA
1000 1300 650 0 0 0 1000 0 0 0 0 0 0.5 0.5 0.5 0.5 0.5 0.5 0 0 
WA
1000 1300 1200 0 0 0 1000 0 0 0 0 0 0.5 0.5 0.5 0.5 0.5 0.5 0 0 
WA
1000 1300 1250 0 0 0 1000 0 0 0 0 0 0.5 0.5 0.5 0.5 0.5 0.5 0 0 
WA
1000 1300 1300 0 0 0 1000 0 0 0 0 0 0.5 0.5 0.5 0.5 0.5 0.5 0 0 
WA
1000 1300 1350 0 0 0 1000 0 0 0 0 0 0.5 0.5 0.5 0.5 0.5 0.5 0 0 
WA
1000 1300 1450 0 0 0 1000 0 0 0 0 0 0.5 0.5 0.5 0.5 0.5 0.5 0 0 
WA
1000 1300 1500 0 0 0 1000 0 0 0 0 0 0.5 0.5 0.5 0.5 0.5 0.5 0 0 
WA
1000 1300 1550 0 0 0 1000 0 0 0 0 0 0.5 0.5 0.5 0.5 0.5 0.5 0 0 
WA
1000 1300 1600 0 0 0 1000 0 0 0 0 0 0.5 0.5 0.5 0.5 0.5 0.5 0 0 
WA
1000 1300 1650 0 0 0 1000 0 0 0 0 0 0.5 0.5 0.5 0.5 0.5 0.5 0 0 
WA
1000 1300 1700 0 0 0 1000 0 0 0 0 0 0.5 0.5 0.5 0.5 0.5 0.5 0 0 
WA
1000 1300 1750 0 0 0 1000 0 0 0 0 0 0.5 0.5 0.5 0.5 0.5 0.5 0 0 
CW
1000 1300 1800 0 0 0 1000 0 0 0 0 0 0.5 0.5 0.5 0.5 0.5 0.5 0 0 
WA
1000 1350 600 0 0 0 1000 0 0 0 0 0 0.5 0.5 0.5 0.5 0.5 0.5 0 0 
WA
1000 1350 650 0 0 0 1000 0 0 0 0 0 0.5 0.5 0.5 0.5 0.5 0.5 0 0 
WA
1000 1350 1200 0 0 0 1000 0 0 0 0 0 0.5 0.5 0.5 0.5 0.5 0.5 0 0 
WA
1000 1350 1250 0 0 0 1000 0 0 0 0 0 0.5 0.5 0.5 0.5 0.5 0.5 0 0 
WA
1000 1350 1300 0 0 0 1000 0 0 0 0 0 0.5 0.5 0.5 0.5 0.5 0.5 0 0 
WA
1000 1350 1350 0 0 0 1000 0 0 0 0 0 0.5 0.5 0.5 0.5 0.5 0.5 0 0 
WA
1000 1350 1450 0 0 0 1000 0 0 0 0 0 0.5 0.5 0.5 0.5 0.5 0.5 0 0 
WA
1000 1350 1500 0 0 0 1000 0 0 0 0 0 0.5 0.5 0.5 0.5 0.5 0.5 0 0 
WA
1000 1350 1550 0 0 0 1000 0 0 0 0 0 0.5 0.5 0.5 0.5 0.5 0.5 0 0 
WA
1000 1350 1600 0 0 0 1000 0 0 0 0 0 0.5 0.5 0.5 0.5 0.5 0.5 0 0 
WA
1000 1350 1650 0 0 0 1000 0 0 0 0 0 0.5 0.5 0.5 0.5 0.5 0.5 0 0 
WA
1000 1350 1700 0 0 0 1000 0 0 0 0 0 0.5 0.5 0.5 0.5 0.5 0.5 0 0 
CW
1000 1350 1750 0 0 0 1000 0 0 0 0 0 0.5 0.5 0.5 0.5 0.5 0.5 0 0 
WA
1000 1400 600 0 0 0 1000 0 0 0 0 0 0.5 0.5 0.5 0.5 0.5 0.5 0 0 
WA
1000 1400 650 0 0 0 1000 0 0 0 0 0 0.5 0.5 0.5 0.5 0.5 0.5 0 0 
CW
1000 1400 1000 180 0 0 1000 0 0 0 0 0 0.5 0.5 0.5 0.5 0.5 0.5 0 0 
WA
1000 1400 1050 0 0 0 1000 0 0 0 0 0 0.5 0.5 0.5 0.5 0.5 0.5 0 0 
WA
1000 1400 1100 0 0 0 1000 0 0 0 0 0 0.5 0.5 0.5 0.5 0.5 0.5 0 0 
WA
1000 1400 1150 0 0 0 1000 0 0 0 0 0 0.5 0.5 0.5 0.5 0.5 0.5 0 0 
WA
1000 1400 1200 0 0 0 1000 0 0 0 0 0 0.5 0.5 0.5 0.5 0.5 0.5 0 0 
CW
1000 1400 1250 0 0 0 1000 0 0 0 0 0 0.5 0.5 0.5 0.5 0.5 0.5 0 0 
WA
1000 1400 1500 0 0 0 1000 0 0 0 0 0 0.5 0.5 0.5 0.5 0.5 0.5 0 0 
WA
1000 1400 1650 0 0 0 1000 0 0 0 0 0 0.5 0.5 0.5 0.5 0.5 0.5 0 0 
WA
1000 1450 600 0 0 0 1000 0 0 0 0 0 0.5 0.5 0.5 0.5 0.5 0.5 0 0 
WA
1000 1450 650 0 0 0 1000 0 0 0 0 0 0.5 0.5 0.5 0.5 0.5 0.5 0 0 
CW
1000 1450 950 180 0 0 1000 0 0 0 0 0 0.5 0.5 0.5 0.5 0.5 0.5 0 0 
WA
1000 1450 1000 0 0 0 1000 0 0 0 0 0 0.5 0.5 0.5 0.5 0.5 0.5 0 0 
WA
1000 1450 1050 0 0 0 1000 0 0 0 0 0 0.5 0.5 0.5 0.5 0.5 0.5 0 0 
WA
1000 1450 1100 0 0 0 1000 0 0 0 0 0 0.5 0.5 0.5 0.5 0.5 0.5 0 0 
WA
1000 1450 1150 0 0 0 1000 0 0 0 0 0 0.5 0.5 0.5 0.5 0.5 0.5 0 0 
CW
1000 1450 1200 0 0 0 1000 0 0 0 0 0 0.5 0.5 0.5 0.5 0.5 0.5 0 0 
CW
1000 1500 900 180 0 0 1000 0 0 0 0 0 0.5 0.5 0.5 0.5 0.5 0.5 0 0 
CW
1000 1500 950 0 0 0 1000 0 0 0 0 0 0.5 0.5 0.5 0.5 0.5 0.5 0 0 
WA
1000 1550 600 0 0 0 1000 0 0 0 0 0 0.5 0.5 0.5 0.5 0.5 0.5 0 0 
WA
1000 1550 650 0 0 0 1000 0 0 0 0 0 0.5 0.5 0.5 0.5 0.5 0.5 0 0 
CW
1000 1550 850 180 0 0 1000 0 0 0 0 0 0.5 0.5 0.5 0.5 0.5 0.5 0 0 
CW
1000 1550 900 0 0 0 1000 0 0 0 0 0 0.5 0.5 0.5 0.5 0.5 0.5 0 0 
WA
1000 1600 600 0 0 0 1000 0 0 0 0 0 0.5 0.5 0.5 0.5 0.5 0.5 0 0 
WA
1000 1600 650 0 0 0 1000 0 0 0 0 0 0.5 0.5 0.5 0.5 0.5 0.5 0 0 
CW
1000 1600 800 180 0 0 1000 0 0 0 0 0 0.5 0.5 0.5 0.5 0.5 0.5 0 0 
WA
1000 1600 850 0 0 0 1000 0 0 0 0 0 0.5 0.5 0.5 0.5 0.5 0.5 0 0 
WA
1000 1650 600 0 0 0 1000 0 0 0 0 0 0.5 0.5 0.5 0.5 0.5 0.5 0 0 
WA
1000 1650 650 0 0 0 1000 0 0 0 0 0 0.5 0.5 0.5 0.5 0.5 0.5 0 0 
WA
1000 1650 800 0 0 0 1000 0 0 0 0 0 0.5 0.5 0.5 0.5 0.5 0.5 0 0 
WA
1000 1650 850 0 0 0 1000 0 0 0 0 0 0.5 0.5 0.5 0.5 0.5 0.5 0 0 
WA
1000 1700 600 0 0 0 1000 0 0 0 0 0 0.5 0.5 0.5 0.5 0.5 0.5 0 0 
WA
1000 1700 650 0 0 0 1000 0 0 0 0 0 0.5 0.5 0.5 0.5 0.5 0.5 0 0 
WA
1000 1700 800 0 0 0 1000 0 0 0 0 0 0.5 0.5 0.5 0.5 0.5 0.5 0 0 
WA
1000 1700 850 0 0 0 1000 0 0 0 0 0 0.5 0.5 0.5 0.5 0.5 0.5 0 0 
WA
1000 1750 600 0 0 0 1000 0 0 0 0 0 0.5 0.5 0.5 0.5 0.5 0.5 0 0 
WA
1000 1750 650 0 0 0 1000 0 0 0 0 0 0.5 0.5 0.5 0.5 0.5 0.5 0 0 
WA
1000 1750 800 0 0 0 1000 0 0 0 0 0 0.5 0.5 0.5 0.5 0.5 0.5 0 0 
WA
1000 1750 850 0 0 0 1000 0 0 0 0 0 0.5 0.5 0.5 0.5 0.5 0.5 0 0 
WA
1000 1800 600 0 0 0 1000 0 0 0 0 0 0.5 0.5 0.5 0.5 0.5 0.5 0 0 
WA
1000 1800 650 0 0 0 1000 0 0 0 0 0 0.5 0.5 0.5 0.5 0.5 0.5 0 0 
WA
1000 1800 800 0 0 0 1000 0 0 0 0 0 0.5 0.5 0.5 0.5 0.5 0.5 0 0 
WA
1000 1800 850 0 0 0 1000 0 0 0 0 0 0.5 0.5 0.5 0.5 0.5 0.5 0 0 
WA
1000 1850 600 0 0 0 1000 0 0 0 0 0 0.5 0.5 0.5 0.5 0.5 0.5 0 0 
WA
1000 1850 650 0 0 0 1000 0 0 0 0 0 0.5 0.5 0.5 0.5 0.5 0.5 0 0 
WA
1000 1850 800 0 0 0 1000 0 0 0 0 0 0.5 0.5 0.5 0.5 0.5 0.5 0 0 
WA
1000 1850 850 0 0 0 1000 0 0 0 0 0 0.5 0.5 0.5 0.5 0.5 0.5 0 0 
WA
1000 1900 600 0 0 0 1000 0 0 0 0 0 0.5 0.5 0.5 0.5 0.5 0.5 0 0 
WA
1000 1900 650 0 0 0 1000 0 0 0 0 0 0.5 0.5 0.5 0.5 0.5 0.5 0 0 
WA
1000 1900 800 0 0 0 1000 0 0 0 0 0 0.5 0.5 0.5 0.5 0.5 0.5 0 0 
WA
1000 1900 850 0 0 0 1000 0 0 0 0 0 0.5 0.5 0.5 0.5 0.5 0.5 0 0 
WA
1000 1950 600 0 0 0 1000 0 0 0 0 0 0.5 0.5 0.5 0.5 0.5 0.5 0 0 
WA
1000 1950 650 0 0 0 1000 0 0 0 0 0 0.5 0.5 0.5 0.5 0.5 0.5 0 0 
WA
1000 1950 800 0 0 0 1000 0 0 0 0 0 0.5 0.5 0.5 0.5 0.5 0.5 0 0 
WA
1000 1950 850 0 0 0 1000 0 0 0 0 0 0.5 0.5 0.5 0.5 0.5 0.5 0 0 
OD
1000 300 1075 0 0 0 1000 0 0 0 0 0 0.5 0.5 0.5 0.5 0.5 0.5 0 0 1 0 
OD
1000 850 1325 0 0 0 1000 0 0 0 0 0 0.5 0.5 0.5 0.5 0.5 0.5 0 0 1 0 
OD
1000 900 925 0 0 0 1000 0 0 0 0 0 0.5 0.5 0.5 0.5 0.5 0.5 0 0 1 0 
OD
1000 1100 625 0 0 0 1000 0 0 0 0 0 0.5 0.5 0.5 0.5 0.5 0.5 0 0 1 0 
OD
1000 1250 625 0 0 0 1000 0 0 0 0 0 0.5 0.5 0.5 0.5 0.5 0.5 0 0 1 0 
OD
1000 1325 1400 0 0 0 1000 0 0 0 0 0 0.5 0.5 0.5 0.5 0.5 0.5 0 0 1 1 
OD
1000 1500 625 0 0 0 1000 0 0 0 0 0 0.5 0.5 0.5 0.5 0.5 0.5 0 0 1 0 
EB
300 0 300 0 0 0 300 0 0 0 0 0 0 0 0 0 0 0 0 0 0 
EB
300 0 500 0 0 0 300 0 0 0 0 0 0 0 0 0 0 0 0 0 0 
OB
1000 100 900 0 0 0 1000 0 0 0 0 0 0.5 0.5 0.5 0.5 0.5 0.5 0 0 
OB
1000 150 1600 0 0 0 1000 0 0 0 0 0 0.5 0.5 0.5 0.5 0.5 0.5 0 0 
OB
1000 200 700 0 0 0 1000 0 0 0 0 0 0.5 0.5 0.5 0.5 0.5 0.5 0 0 
OB
1000 250 1650 0 0 0 1000 0 0 0 0 0 0.5 0.5 0.5 0.5 0.5 0.5 0 0 
EB
300 450 500 0 0 0 300 0 0 0 0 0 0 0 0 0 0 0 0 0 0 
OB
1000 450 1000 0 0 0 1000 0 0 0 0 0 0.5 0.5 0.5 0.5 0.5 0.5 0 0 
EB
300 550 550 0 0 0 300 0 0 0 0 0 0 0 0 0 0 0 0 0 0 
EB
300 550 1500 0 0 0 300 0 0 0 0 0 0 0 0 0 0 0 0 0 0 
OB
1000 550 1850 0 0 0 1000 0 0 0 0 0 0.5 0.5 0.5 0.5 0.5 0.5 0 0 
OB
1000 650 1350 0 0 0 1000 0 0 0 0 0 0.5 0.5 0.5 0.5 0.5 0.5 0 0 
OB
1000 650 1600 0 0 0 1000 0 0 0 0 0 0.5 0.5 0.5 0.5 0.5 0.5 0 0 
OB
1000 800 850 0 0 0 1000 0 0 0 0 0 0.5 0.5 0.5 0.5 0.5 0.5 0 0 
OB
1000 850 400 0 0 0 1000 0 0 0 0 0 0.5 0.5 0.5 0.5 0.5 0.5 0 0 
OB
1000 900 100 0 0 0 1000 0 0 0 0 0 0.5 0.5 0.5 0.5 0.5 0.5 0 0 
EB
300 1150 1750 0 0 0 300 0 0 0 0 0 0 0 0 0 0 0 0 0 0 
OB
1000 1400 550 0 0 0 1000 0 0 0 0 0 0.5 0.5 0.5 0.5 0.5 0.5 0 0 
OB
1000 1550 800 0 0 0 1000 0 0 0 0 0 0.5 0.5 0.5 0.5 0.5 0.5 0 0 
OB
1000 1550 1150 0 0 0 1000 0 0 0 0 0 0.5 0.5 0.5 0.5 0.5 0.5 0 0 
OB
1000 1600 1150 0 0 0 1000 0 0 0 0 0 0.5 0.5 0.5 0.5 0.5 0.5 0 0 
OB
1000 1600 1300 0 0 0 1000 0 0 0 0 0 0.5 0.5 0.5 0.5 0.5 0.5 0 0 
OB
1000 1750 1800 0 0 0 1000 0 0 0 0 0 0.5 0.5 0.5 0.5 0.5 0.5 0 0 
OB
1000 1800 200 0 0 0 1000 0 0 0 0 0 0.5 0.5 0.5 0.5 0.5 0.5 0 0 
EB
300 1800 1000 0 0 0 300 0 0 0 0 0 0 0 0 0 0 0 0 0 0 
OB
1000 1850 500 0 0 0 1000 0 0 0 0 0 0.5 0.5 0.5 0.5 0.5 0.5 0 0 
OB
1000 1850 1900 0 0 0 1000 0 0 0 0 0 0.5 0.5 0.5 0.5 0.5 0.5 0 0 
OB
1000 1900 1400 0 0 0 1000 0 0 0 0 0 0.5 0.5 0.5 0.5 0.5 0.5 0 0 
EB
300 1950 1100 0 0 0 300 0 0 0 0 0 0 0 0 0 0 0 0 0 0 
CH
10000 1400 950 0 0 0 10000 0 0 0 0 0 0 0 0 0 0 0 0 0 4 0 -1 5 1 0 -1 0 -1 
CH
10000 600 1050 0 0 0 10000 0 0 0 0 0 0 0 0 0 0 0 0 0 1 0 -1 
CH
10000 1500 1050 0 0 0 10000 0 0 0 0 0 0 0 0 0 0 0 0 0 5 3 4 2 8 4 7 0 -1 0 -1 
CH
10000 1000 300 0 0 0 10000 0 0 0 0 0 0 0 0 0 0 0 0 0 3 0 -1 4 6 2 3 
CH
10000 950 750 0 0 0 10000 0 0 0 0 0 0 0 0 0 0 0 0 0 1 3 2 
LO
1 500 500 0 0 0 1 0 0 0 0 0 0 0 0 0 0 0 0 0 1 
END
MD

AE
WA
1000 0 1100 0 0 0 1000 0 0 0 0 0 0.5 0.5 0.5 0.5 0.5 0.5 0 0 
WA
1000 0 1150 0 0 0 1000 0 0 0 0 0 0.5 0.5 0.5 0.5 0.5 0.5 0 0 
WA
1000 50 1100 0 0 0 1000 0 0 0 0 0 0.5 0.5 0.5 0.5 0.5 0.5 0 0 
CW
1000 50 1150 0 0 0 1000 0 0 0 0 0 0.5 0.5 0.5 0.5 0.5 0.5 0 0 
WA
1000 150 1050 0 0 0 1000 0 0 0 0 0 0.5 0.5 0.5 0.5 0.5 0.5 0 0 
WA
1000 150 1100 0 0 0 1000 0 0 0 0 0 0.5 0.5 0.5 0.5 0.5 0.5 0 0 
WA
1000 200 1050 0 0 0 1000 0 0 0 0 0 0.5 0.5 0.5 0.5 0.5 0.5 0 0 
WA
1000 200 1100 0 0 0 1000 0 0 0 0 0 0.5 0.5 0.5 0.5 0.5 0.5 0 0 
WA
1000 250 1050 0 0 0 1000 0 0 0 0 0 0.5 0.5 0.5 0.5 0.5 0.5 0 0 
WA
1000 250 1100 0 0 0 1000 0 0 0 0 0 0.5 0.5 0.5 0.5 0.5 0.5 0 0 
WA
1000 250 1150 0 0 0 1000 0 0 0 0 0 0.5 0.5 0.5 0.5 0.5 0.5 0 0 
WA
1000 300 1050 0 0 0 1000 0 0 0 0 0 0.5 0.5 0.5 0.5 0.5 0.5 0 0 
WA
1000 300 1100 0 0 0 1000 0 0 0 0 0 0.5 0.5 0.5 0.5 0.5 0.5 0 0 
CW
1000 350 1050 270 0 0 1000 0 0 0 0 0 0.5 0.5 0.5 0.5 0.5 0.5 0 0 
WA
1000 350 1100 0 0 0 1000 0 0 0 0 0 0.5 0.5 0.5 0.5 0.5 0.5 0 0 
WA
1000 400 1100 0 0 0 1000 0 0 0 0 0 0.5 0.5 0.5 0.5 0.5 0.5 0 0 
CW
1000 400 1150 90 0 0 1000 0 0 0 0 0 0.5 0.5 0.5 0.5 0.5 0.5 0 0 
WA
1000 450 1100 0 0 0 1000 0 0 0 0 0 0.5 0.5 0.5 0.5 0.5 0.5 0 0 
WA
1000 450 1150 0 0 0 1000 0 0 0 0 0 0.5 0.5 0.5 0.5 0.5 0.5 0 0 
CW
1000 500 1100 270 0 0 1000 0 0 0 0 0 0.5 0.5 0.5 0.5 0.5 0.5 0 0 
WA
1000 500 1150 0 0 0 1000 0 0 0 0 0 0.5 0.5 0.5 0.5 0.5 0.5 0 0 
WA
1000 550 1150 0 0 0 1000 0 0 0 0 0 0.5 0.5 0.5 0.5 0.5 0.5 0 0 
CW
1000 550 1200 90 0 0 1000 0 0 0 0 0 0.5 0.5 0.5 0.5 0.5 0.5 0 0 
WA
1000 600 300 0 0 0 1000 0 0 0 0 0 0.5 0.5 0.5 0.5 0.5 0.5 0 0 
WA
1000 600 1150 0 0 0 1000 0 0 0 0 0 0.5 0.5 0.5 0.5 0.5 0.5 0 0 
WA
1000 600 1200 0 0 0 1000 0 0 0 0 0 0.5 0.5 0.5 0.5 0.5 0.5 0 0 
WA
1000 650 250 0 0 0 1000 0 0 0 0 0 0.5 0.5 0.5 0.5 0.5 0.5 0 0 
WA
1000 650 300 0 0 0 1000 0 0 0 0 0 0.5 0.5 0.5 0.5 0.5 0.5 0 0 
WA
1000 650 350 0 0 0 1000 0 0 0 0 0 0.5 0.5 0.5 0.5 0.5 0.5 0 0 
WA
1000 650 400 0 0 0 1000 0 0 0 0 0 0.5 0.5 0.5 0.5 0.5 0.5 0 0 
WA
1000 650 450 0 0 0 1000 0 0 0 0 0 0.5 0.5 0.5 0.5 0.5 0.5 0 0 
CW
1000 650 500 90 0 0 1000 0 0 0 0 0 0.5 0.5 0.5 0.5 0.5 0.5 0 0 
CW
1000 650 1150 270 0 0 1000 0 0 0 0 0 0.5 0.5 0.5 0.5 0.5 0.5 0 0 
WA
1000 650 1200 0 0 0 1000 0 0 0 0 0 0.5 0.5 0.5 0.5 0.5 0.5 0 0 
WA
1000 700 0 0 0 0 1000 0 0 0 0 0 0.5 0.5 0.5 0.5 0.5 0.5 0 0 
WA
1000 700 50 0 0 0 1000 0 0 0 0 0 0.5 0.5 0.5 0.5 0.5 0.5 0 0 
WA
1000 700 100 0 0 0 1000 0 0 0 0 0 0.5 0.5 0.5 0.5 0.5 0.5 0 0 
WA
1000 700 150 0 0 0 1000 0 0 0 0 0 0.5 0.5 0.5 0.5 0.5 0.5 0 0 
WA
1000 700 250 0 0 0 1000 0 0 0 0 0 0.5 0.5 0.5 0.5 0.5 0.5 0 0 
WA
1000 700 300 0 0 0 1000 0 0 0 0 0 0.5 0.5 0.5 0.5 0.5 0.5 0 0 
WA
1000 700 350 0 0 0 1000 0 0 0 0 0 0.5 0.5 0.5 0.5 0.5 0.5 0 0 
WA
1000 700 400 0 0 0 1000 0 0 0 0 0 0.5 0.5 0.5 0.5 0.5 0.5 0 0 
WA
1000 700 450 0 0 0 1000 0 0 0 0 0 0.5 0.5 0.5 0.5 0.5 0.5 0 0 
WA
1000 700 500 0 0 0 1000 0 0 0 0 0 0.5 0.5 0.5 0.5 0.5 0.5 0 0 
CW
1000 700 550 90 0 0 1000 0 0 0 0 0 0.5 0.5 0.5 0.5 0.5 0.5 0 0 
WA
1000 700 1200 0 0 0 1000 0 0 0 0 0 0.5 0.5 0.5 0.5 0.5 0.5 0 0 
CW
1000 700 1250 90 0 0 1000 0 0 0 0 0 0.5 0.5 0.5 0.5 0.5 0.5 0 0 
WA
1000 750 0 0 0 0 1000 0 0 0 0 0 0.5 0.5 0.5 0.5 0.5 0.5 0 0 
WA
1000 750 50 0 0 0 1000 0 0 0 0 0 0.5 0.5 0.5 0.5 0.5 0.5 0 0 
WA
1000 750 100 0 0 0 1000 0 0 0 0 0 0.5 0.5 0.5 0.5 0.5 0.5 0 0 
CW
1000 750 150 0 0 0 1000 0 0 0 0 0 0.5 0.5 0.5 0.5 0.5 0.5 0 0 
CW
1000 750 500 270 0 0 1000 0 0 0 0 0 0.5 0.5 0.5 0.5 0.5 0.5 0 0 
WA
1000 750 550 0 0 0 1000 0 0 0 0 0 0.5 0.5 0.5 0.5 0.5 0.5 0 0 
WA
1000 750 600 0 0 0 1000 0 0 0 0 0 0.5 0.5 0.5 0.5 0.5 0.5 0 0 
WA
1000 750 650 0 0 0 1000 0 0 0 0 0 0.5 0.5 0.5 0.5 0.5 0.5 0 0 
WA
1000 750 700 0 0 0 1000 0 0 0 0 0 0.5 0.5 0.5 0.5 0.5 0.5 0 0 
WA
1000 750 750 0 0 0 1000 0 0 0 0 0 0.5 0.5 0.5 0.5 0.5 0.5 0 0 
CW
1000 750 800 90 0 0 1000 0 0 0 0 0 0.5 0.5 0.5 0.5 0.5 0.5 0 0 
WA
1000 750 1200 0 0 0 1000 0 0 0 0 0 0.5 0.5 0.5 0.5 0.5 0.5 0 0 
WA
1000 750 1250 0 0 0 1000 0 0 0 0 0 0.5 0.5 0.5 0.5 0.5 0.5 0 0 
CW
1000 800 550 270 0 0 1000 0 0 0 0 0 0.5 0.5 0.5 0.5 0.5 0.5 0 0 
WA
1000 800 600 0 0 0 1000 0 0 0 0 0 0.5 0.5 0.5 0.5 0.5 0.5 0 0 
WA
1000 800 650 0 0 0 1000 0 0 0 0 0 0.5 0.5 0.5 0.5 0.5 0.5 0 0 
WA
1000 800 700 0 0 0 1000 0 0 0 0 0 0.5 0.5 0.5 0.5 0.5 0.5 0 0 
WA
1000 800 750 0 0 0 1000 0 0 0 0 0 0.5 0.5 0.5 0.5 0.5 0.5 0 0 
WA
1000 800 800 0 0 0 1000 0 0 0 0 0 0.5 0.5 0.5 0.5 0.5 0.5 0 0 
CW
1000 800 850 90 0 0 1000 0 0 0 0 0 0.5 0.5 0.5 0.5 0.5 0.5 0 0 
WA
1000 800 1200 0 0 0 1000 0 0 0 0 0 0.5 0.5 0.5 0.5 0.5 0.5 0 0 
WA
1000 800 1250 0 0 0 1000 0 0 0 0 0 0.5 0.5 0.5 0.5 0.5 0.5 0 0 
CW
1000 850 800 270 0 0 1000 0 0 0 0 0 0.5 0.5 0.5 0.5 0.5 0.5 0 0 
WA
1000 850 850 0 0 0 1000 0 0 0 0 0 0.5 0.5 0.5 0.5 0.5 0.5 0 0 
WA
1000 850 900 0 0 0 1000 0 0 0 0 0 0.5 0.5 0.5 0.5 0.5 0.5 0 0 
CW
1000 850 950 90 0 0 1000 0 0 0 0 0 0.5 0.5 0.5 0.5 0.5 0.5 0 0 
WA
1000 850 1200 0 0 0 1000 0 0 0 0 0 0.5 0.5 0.5 0.5 0.5 0.5 0 0 
WA
1000 850 1250 0 0 0 1000 0 0 0 0 0 0.5 0.5 0.5 0.5 0.5 0.5 0 0 
CW
1000 850 1300 90 0 0 1000 0 0 0 0 0 0.5 0.5 0.5 0.5 0.5 0.5 0 0 
CW
1000 900 850 270 0 0 1000 0 0 0 0 0 0.5 0.5 0.5 0.5 0.5 0.5 0 0 
WA
1000 900 900 0 0 0 1000 0 0 0 0 0 0.5 0.5 0.5 0.5 0.5 0.5 0 0 
WA
1000 900 950 0 0 0 1000 0 0 0 0 0 0.5 0.5 0.5 0.5 0.5 0.5 0 0 
CW
1000 900 1000 90 0 0 1000 0 0 0 0 0 0.5 0.5 0.5 0.5 0.5 0.5 0 0 
WA
1000 900 1200 0 0 0 1000 0 0 0 0 0 0.5 0.5 0.5 0.5 0.5 0.5 0 0 
WA
1000 900 1250 0 0 0 1000 0 0 0 0 0 0.5 0.5 0.5 0.5 0.5 0.5 0 0 
WA
1000 900 1300 0 0 0 1000 0 0 0 0 0 0.5 0.5 0.5 0.5 0.5 0.5 0 0 
CW
1000 900 1350 90 0 0 1000 0 0 0 0 0 0.5 0.5 0.5 0.5 0.5 0.5 0 0 
WA
1000 950 950 0 0 0 1000 0 0 0 0 0 0.5 0.5 0.5 0.5 0.5 0.5 0 0 
WA
1000 950 1000 0 0 0 1000 0 0 0 0 0 0.5 0.5 0.5 0.5 0.5 0.5 0 0 
WA
1000 950 1050 0 0 0 1000 0 0 0 0 0 0.5 0.5 0.5 0.5 0.5 0.5 0 0 
WA
1000 950 1100 0 0 0 1000 0 0 0 0 0 0.5 0.5 0.5 0.5 0.5 0.5 0 0 
WA
1000 950 1150 0 0 0 1000 0 0 0 0 0 0.5 0.5 0.5 0.5 0.5 0.5 0 0 
WA
1000 950 1200 0 0 0 1000 0 0 0 0 0 0.5 0.5 0.5 0.5 0.5 0.5 0 0 
WA
1000 950 1250 0 0 0 1000 0 0 0 0 0 0.5 0.5 0.5 0.5 0.5 0.5 0 0 
WA
1000 950 1300 0 0 0 1000 0 0 0 0 0 0.5 0.5 0.5 0.5 0.5 0.5 0 0 
WA
1000 950 1350 0 0 0 1000 0 0 0 0 0 0.5 0.5 0.5 0.5 0.5 0.5 0 0 
CW
1000 950 1400 90 0 0 1000 0 0 0 0 0 0.5 0.5 0.5 0.5 0.5 0.5 0 0 
WA
1000 1000 950 0 0 0 1000 0 0 0 0 0 0.5 0.5 0.5 0.5 0.5 0.5 0 0 
WA
1000 1000 1000 0 0 0 1000 0 0 0 0 0 0.5 0.5 0.5 0.5 0.5 0.5 0 0 
WA
1000 1000 1050 0 0 0 1000 0 0 0 0 0 0.5 0.5 0.5 0.5 0.5 0.5 0 0 
WA
1000 1000 1100 0 0 0 1000 0 0 0 0 0 0.5 0.5 0.5 0.5 0.5 0.5 0 0 
WA
1000 1000 1150 0 0 0 1000 0 0 0 0 0 0.5 0.5 0.5 0.5 0.5 0.5 0 0 
WA
1000 1000 1200 0 0 0 1000 0 0 0 0 0 0.5 0.5 0.5 0.5 0.5 0.5 0 0 
WA
1000 1000 1250 0 0 0 1000 0 0 0 0 0 0.5 0.5 0.5 0.5 0.5 0.5 0 0 
WA
1000 1000 1300 0 0 0 1000 0 0 0 0 0 0.5 0.5 0.5 0.5 0.5 0.5 0 0 
WA
1000 1000 1350 0 0 0 1000 0 0 0 0 0 0.5 0.5 0.5 0.5 0.5 0.5 0 0 
WA
1000 1000 1400 0 0 0 1000 0 0 0 0 0 0.5 0.5 0.5 0.5 0.5 0.5 0 0 
WA
1000 1050 950 0 0 0 1000 0 0 0 0 0 0.5 0.5 0.5 0.5 0.5 0.5 0 0 
WA
1000 1050 1000 0 0 0 1000 0 0 0 0 0 0.5 0.5 0.5 0.5 0.5 0.5 0 0 
CW
1000 1050 1050 0 0 0 1000 0 0 0 0 0 0.5 0.5 0.5 0.5 0.5 0.5 0 0 
CW
1000 1050 1300 270 0 0 1000 0 0 0 0 0 0.5 0.5 0.5 0.5 0.5 0.5 0 0 
WA
1000 1050 1350 0 0 0 1000 0 0 0 0 0 0.5 0.5 0.5 0.5 0.5 0.5 0 0 
WA
1000 1050 1400 0 0 0 1000 0 0 0 0 0 0.5 0.5 0.5 0.5 0.5 0.5 0 0 
CW
1000 1050 1450 90 0 0 1000 0 0 0 0 0 0.5 0.5 0.5 0.5 0.5 0.5 0 0 
CW
1000 1100 900 180 0 0 1000 0 0 0 0 0 0.5 0.5 0.5 0.5 0.5 0.5 0 0 
WA
1000 1100 950 0 0 0 1000 0 0 0 0 0 0.5 0.5 0.5 0.5 0.5 0.5 0 0 
CW
1000 1100 1450 270 0 0 1000 0 0 0 0 0 0.5 0.5 0.5 0.5 0.5 0.5 0 0 
CW
1000 1100 1500 90 0 0 1000 0 0 0 0 0 0.5 0.5 0.5 0.5 0.5 0.5 0 0 
WA
1000 1150 900 0 0 0 1000 0 0 0 0 0 0.5 0.5 0.5 0.5 0.5 0.5 0 0 
WA
1000 1150 950 0 0 0 1000 0 0 0 0 0 0.5 0.5 0.5 0.5 0.5 0.5 0 0 
WA
1000 1150 1500 0 0 0 1000 0 0 0 0 0 0.5 0.5 0.5 0.5 0.5 0.5 0 0 
CW
1000 1150 1550 90 0 0 1000 0 0 0 0 0 0.5 0.5 0.5 0.5 0.5 0.5 0 0 
WA
1000 1200 900 0 0 0 1000 0 0 0 0 0 0.5 0.5 0.5 0.5 0.5 0.5 0 0 
CW
1000 1200 950 0 0 0 1000 0 0 0 0 0 0.5 0.5 0.5 0.5 0.5 0.5 0 0 
WA
1000 1200 1500 0 0 0 1000 0 0 0 0 0 0.5 0.5 0.5 0.5 0.5 0.5 0 0 
WA
1000 1200 1550 0 0 0 1000 0 0 0 0 0 0.5 0.5 0.5 0.5 0.5 0.5 0 0 
CW
1000 1250 850 180 0 0 1000 0 0 0 0 0 0.5 0.5 0.5 0.5 0.5 0.5 0 0 
WA
1000 1250 900 0 0 0 1000 0 0 0 0 0 0.5 0.5 0.5 0.5 0.5 0.5 0 0 
CW
1000 1250 1500 270 0 0 1000 0 0 0 0 0 0.5 0.5 0.5 0.5 0.5 0.5 0 0 
WA
1000 1250 1550 0 0 0 1000 0 0 0 0 0 0.5 0.5 0.5 0.5 0.5 0.5 0 0 
WA
1000 1300 850 0 0 0 1000 0 0 0 0 0 0.5 0.5 0.5 0.5 0.5 0.5 0 0 
CW
1000 1300 900 0 0 0 1000 0 0 0 0 0 0.5 0.5 0.5 0.5 0.5 0.5 0 0 
CW
1000 1300 1550 270 0 0 1000 0 0 0 0 0 0.5 0.5 0.5 0.5 0.5 0.5 0 0 
CW
1000 1300 1600 90 0 0 1000 0 0 0 0 0 0.5 0.5 0.5 0.5 0.5 0.5 0 0 
CW
1000 1350 800 180 0 0 1000 0 0 0 0 0 0.5 0.5 0.5 0.5 0.5 0.5 0 0 
CW
1000 1350 850 0 0 0 1000 0 0 0 0 0 0.5 0.5 0.5 0.5 0.5 0.5 0 0 
CW
1000 1350 1600 270 0 0 1000 0 0 0 0 0 0.5 0.5 0.5 0.5 0.5 0.5 0 0 
CW
1000 1350 1650 90 0 0 1000 0 0 0 0 0 0.5 0.5 0.5 0.5 0.5 0.5 0 0 
CW
1000 1400 750 180 0 0 1000 0 0 0 0 0 0.5 0.5 0.5 0.5 0.5 0.5 0 0 
CW
1000 1400 800 0 0 0 1000 0 0 0 0 0 0.5 0.5 0.5 0.5 0.5 0.5 0 0 
CW
1000 1450 1700 270 0 0 1000 0 0 0 0 0 0.5 0.5 0.5 0.5 0.5 0.5 0 0 
CW
1000 1450 1750 90 0 0 1000 0 0 0 0 0 0.5 0.5 0.5 0.5 0.5 0.5 0 0 
CW
1000 1500 650 180 0 0 1000 0 0 0 0 0 0.5 0.5 0.5 0.5 0.5 0.5 0 0 
WA
1000 1500 700 0 0 0 1000 0 0 0 0 0 0.5 0.5 0.5 0.5 0.5 0.5 0 0 
WA
1000 1500 1750 0 0 0 1000 0 0 0 0 0 0.5 0.5 0.5 0.5 0.5 0.5 0 0 
CW
1000 1500 1800 90 0 0 1000 0 0 0 0 0 0.5 0.5 0.5 0.5 0.5 0.5 0 0 
CW
1000 1550 1750 270 0 0 1000 0 0 0 0 0 0.5 0.5 0.5 0.5 0.5 0.5 0 0 
WA
1000 1550 1800 0 0 0 1000 0 0 0 0 0 0.5 0.5 0.5 0.5 0.5 0.5 0 0 
WA
1000 1600 650 0 0 0 1000 0 0 0 0 0 0.5 0.5 0.5 0.5 0.5 0.5 0 0 
CW
1000 1600 700 0 0 0 1000 0 0 0 0 0 0.5 0.5 0.5 0.5 0.5 0.5 0 0 
CW
1000 1650 600 180 0 0 1000 0 0 0 0 0 0.5 0.5 0.5 0.5 0.5 0.5 0 0 
CW
1000 1650 650 0 0 0 1000 0 0 0 0 0 0.5 0.5 0.5 0.5 0.5 0.5 0 0 
CW
1000 1650 1800 270 0 0 1000 0 0 0 0 0 0.5 0.5 0.5 0.5 0.5 0.5 0 0 
WA
1000 1650 1850 0 0 0 1000 0 0 0 0 0 0.5 0.5 0.5 0.5 0.5 0.5 0 0 
CW
1000 1700 550 180 0 0 1000 0 0 0 0 0 0.5 0.5 0.5 0.5 0.5 0.5 0 0 
CW
1000 1700 600 0 0 0 1000 0 0 0 0 0 0.5 0.5 0.5 0.5 0.5 0.5 0 0 
WA
1000 1700 1850 0 0 0 1000 0 0 0 0 0 0.5 0.5 0.5 0.5 0.5 0.5 0 0 
CW
1000 1700 1900 90 0 0 1000 0 0 0 0 0 0.5 0.5 0.5 0.5 0.5 0.5 0 0 
CW
1000 1750 500 180 0 0 1000 0 0 0 0 0 0.5 0.5 0.5 0.5 0.5 0.5 0 0 
WA
1000 1750 550 0 0 0 1000 0 0 0 0 0 0.5 0.5 0.5 0.5 0.5 0.5 0 0 
WA
1000 1750 1850 0 0 0 1000 0 0 0 0 0 0.5 0.5 0.5 0.5 0.5 0.5 0 0 
WA
1000 1750 1900 0 0 0 1000 0 0 0 0 0 0.5 0.5 0.5 0.5 0.5 0.5 0 0 
WA
1000 1800 500 0 0 0 1000 0 0 0 0 0 0.5 0.5 0.5 0.5 0.5 0.5 0 0 
WA
1000 1800 550 0 0 0 1000 0 0 0 0 0 0.5 0.5 0.5 0.5 0.5 0.5 0 0 
WA
1000 1800 1850 0 0 0 1000 0 0 0 0 0 0.5 0.5 0.5 0.5 0.5 0.5 0 0 
WA
1000 1800 1900 0 0 0 1000 0 0 0 0 0 0.5 0.5 0.5 0.5 0.5 0.5 0 0 
CW
1000 1850 450 180 0 0 1000 0 0 0 0 0 0.5 0.5 0.5 0.5 0.5 0.5 0 0 
WA
1000 1850 500 0 0 0 1000 0 0 0 0 0 0.5 0.5 0.5 0.5 0.5 0.5 0 0 
CW
1000 1850 550 0 0 0 1000 0 0 0 0 0 0.5 0.5 0.5 0.5 0.5 0.5 0 0 
WA
1000 1850 1850 0 0 0 1000 0 0 0 0 0 0.5 0.5 0.5 0.5 0.5 0.5 0 0 
WA
1000 1850 1900 0 0 0 1000 0 0 0 0 0 0.5 0.5 0.5 0.5 0.5 0.5 0 0 
WA
1000 1900 400 0 0 0 1000 0 0 0 0 0 0.5 0.5 0.5 0.5 0.5 0.5 0 0 
WA
1000 1900 450 0 0 0 1000 0 0 0 0 0 0.5 0.5 0.5 0.5 0.5 0.5 0 0 
WA
1000 1900 500 0 0 0 1000 0 0 0 0 0 0.5 0.5 0.5 0.5 0.5 0.5 0 0 
WA
1000 1900 1850 0 0 0 1000 0 0 0 0 0 0.5 0.5 0.5 0.5 0.5 0.5 0 0 
WA
1000 1900 1900 0 0 0 1000 0 0 0 0 0 0.5 0.5 0.5 0.5 0.5 0.5 0 0 
WA
1000 1950 450 0 0 0 1000 0 0 0 0 0 0.5 0.5 0.5 0.5 0.5 0.5 0 0 
WA
1000 1950 500 0 0 0 1000 0 0 0 0 0 0.5 0.5 0.5 0.5 0.5 0.5 0 0 
WA
1000 1950 1850 0 0 0 1000 0 0 0 0 0 0.5 0.5 0.5 0.5 0.5 0.5 0 0 
WA
1000 1950 1900 0 0 0 1000 0 0 0 0 0 0.5 0.5 0.5 0.5 0.5 0.5 0 0 
OD
1000 100 1075 0 0 0 1000 0 0 0 0 0 0.5 0.5 0.5 0.5 0.5 0.5 0 0 1 0 
OD
1000 675 200 0 0 0 1000 0 0 0 0 0 0.5 0.5 0.5 0.5 0.5 0.5 0 0 1 1 
OD
1000 1400 1675 0 0 0 1000 0 0 0 0 0 0.5 0.5 0.5 0.5 0.5 0.5 0 0 1 0 
OD
1000 1450 725 0 0 0 1000 0 0 0 0 0 0.5 0.5 0.5 0.5 0.5 0.5 0 0 1 0 
OD
1000 1550 675 0 0 0 1000 0 0 0 0 0 0.5 0.5 0.5 0.5 0.5 0.5 0 0 1 0 
OD
1000 1600 1825 0 0 0 1000 0 0 0 0 0 0.5 0.5 0.5 0.5 0.5 0.5 0 0 1 0 
OB
1000 100 800 0 0 0 1000 0 0 0 0 0 0.5 0.5 0.5 0.5 0.5 0.5 0 0 
OB
1000 200 1400 0 0 0 1000 0 0 0 0 0 0.5 0.5 0.5 0.5 0.5 0.5 0 0 
OB
1000 250 750 0 0 0 1000 0 0 0 0 0 0.5 0.5 0.5 0.5 0.5 0.5 0 0 
OB
1000 350 900 0 0 0 1000 0 0 0 0 0 0.5 0.5 0.5 0.5 0.5 0.5 0 0 
EB
300 500 0 0 0 0 300 0 0 0 0 0 0 0 0 0 0 0 0 0 0 
OB
1000 500 1300 0 0 0 1000 0 0 0 0 0 0.5 0.5 0.5 0.5 0.5 0.5 0 0 
OB
1000 550 50 0 0 0 1000 0 0 0 0 0 0.5 0.5 0.5 0.5 0.5 0.5 0 0 
OB
1000 550 250 0 0 0 1000 0 0 0 0 0 0.5 0.5 0.5 0.5 0.5 0.5 0 0 
EB
300 700 750 0 0 0 300 0 0 0 0 0 0 0 0 0 0 0 0 0 0 
OB
1000 700 1500 0 0 0 1000 0 0 0 0 0 0.5 0.5 0.5 0.5 0.5 0.5 0 0 
OB
1000 700 1750 0 0 0 1000 0 0 0 0 0 0.5 0.5 0.5 0.5 0.5 0.5 0 0 
OB
1000 800 100 0 0 0 1000 0 0 0 0 0 0.5 0.5 0.5 0.5 0.5 0.5 0 0 
OB
1000 1050 400 0 0 0 1000 0 0 0 0 0 0.5 0.5 0.5 0.5 0.5 0.5 0 0 
OB
1000 1100 550 0 0 0 1000 0 0 0 0 0 0.5 0.5 0.5 0.5 0.5 0.5 0 0 
OB
1000 1250 1200 0 0 0 1000 0 0 0 0 0 0.5 0.5 0.5 0.5 0.5 0.5 0 0 
OB
1000 1350 350 0 0 0 1000 0 0 0 0 0 0.5 0.5 0.5 0.5 0.5 0.5 0 0 
OB
1000 1400 1000 0 0 0 1000 0 0 0 0 0 0.5 0.5 0.5 0.5 0.5 0.5 0 0 
OB
1000 1550 1250 0 0 0 1000 0 0 0 0 0 0.5 0.5 0.5 0.5 0.5 0.5 0 0 
OB
1000 1600 200 0 0 0 1000 0 0 0 0 0 0.5 0.5 0.5 0.5 0.5 0.5 0 0 
OB
1000 1750 350 0 0 0 1000 0 0 0 0 0 0.5 0.5 0.5 0.5 0.5 0.5 0 0 
OB
1000 1750 1250 0 0 0 1000 0 0 0 0 0 0.5 0.5 0.5 0.5 0.5 0.5 0 0 
EB
300 1900 50 0 0 0 300 0 0 0 0 0 0 0 0 0 0 0 0 0 0 
CH
10000 250 600 0 0 0 10000 0 0 0 0 0 0 0 0 0 0 0 0 0 1 0 -1 
CH
10000 1650 1650 0 0 0 10000 0 0 0 0 0 0 0 0 0 0 0 0 0 5 4 1 0 -1 5 2 2 8 0 -1 
CH
10000 650 1650 0 0 0 10000 0 0 0 0 0 0 0 0 0 0 0 0 0 3 0 -1 4 3 2 8 
CH
10000 700 700 0 0 0 10000 0 0 0 0 0 0 0 0 0 0 0 0 0 4 5 2 3 3 0 -1 2 7 
CH
10000 350 1500 0 0 0 10000 0 0 0 0 0 0 0 0 0 0 0 0 0 1 0 -1 
KH
1 50 50 0 0 0 1 0 0 0 0 0 0 0 0 0 0 0 0 0 1 1 
END
MD

AE
CW
1000 450 550 180 0 0 1000 0 0 0 0 0 0.5 0.5 0.5 0.5 0.5 0.5 0 0 
WA
1000 450 600 0 0 0 1000 0 0 0 0 0 0.5 0.5 0.5 0.5 0.5 0.5 0 0 
WA
1000 450 650 0 0 0 1000 0 0 0 0 0 0.5 0.5 0.5 0.5 0.5 0.5 0 0 
WA
1000 450 700 0 0 0 1000 0 0 0 0 0 0.5 0.5 0.5 0.5 0.5 0.5 0 0 
WA
1000 450 750 0 0 0 1000 0 0 0 0 0 0.5 0.5 0.5 0.5 0.5 0.5 0 0 
WA
1000 450 800 0 0 0 1000 0 0 0 0 0 0.5 0.5 0.5 0.5 0.5 0.5 0 0 
WA
1000 450 850 0 0 0 1000 0 0 0 0 0 0.5 0.5 0.5 0.5 0.5 0.5 0 0 
CW
1000 450 900 90 0 0 1000 0 0 0 0 0 0.5 0.5 0.5 0.5 0.5 0.5 0 0 
CW
1000 500 500 180 0 0 1000 0 0 0 0 0 0.5 0.5 0.5 0.5 0.5 0.5 0 0 
WA
1000 500 550 0 0 0 1000 0 0 0 0 0 0.5 0.5 0.5 0.5 0.5 0.5 0 0 
WA
1000 500 600 0 0 0 1000 0 0 0 0 0 0.5 0.5 0.5 0.5 0.5 0.5 0 0 
WA
1000 500 650 0 0 0 1000 0 0 0 0 0 0.5 0.5 0.5 0.5 0.5 0.5 0 0 
WA
1000 500 700 0 0 0 1000 0 0 0 0 0 0.5 0.5 0.5 0.5 0.5 0.5 0 0 
WA
1000 500 750 0 0 0 1000 0 0 0 0 0 0.5 0.5 0.5 0.5 0.5 0.5 0 0 
WA
1000 500 800 0 0 0 1000 0 0 0 0 0 0.5 0.5 0.5 0.5 0.5 0.5 0 0 
WA
1000 500 850 0 0 0 1000 0 0 0 0 0 0.5 0.5 0.5 0.5 0.5 0.5 0 0 
WA
1000 500 900 0 0 0 1000 0 0 0 0 0 0.5 0.5 0.5 0.5 0.5 0.5 0 0 
CW
1000 500 950 90 0 0 1000 0 0 0 0 0 0.5 0.5 0.5 0.5 0.5 0.5 0 0 
CW
1000 550 450 180 0 0 1000 0 0 0 0 0 0.5 0.5 0.5 0.5 0.5 0.5 0 0 
CW
1000 550 500 0 0 0 1000 0 0 0 0 0 0.5 0.5 0.5 0.5 0.5 0.5 0 0 
CW
1000 550 950 270 0 0 1000 0 0 0 0 0 0.5 0.5 0.5 0.5 0.5 0.5 0 0 
CW
1000 550 1000 90 0 0 1000 0 0 0 0 0 0.5 0.5 0.5 0.5 0.5 0.5 0 0 
CW
1000 600 350 180 0 0 1000 0 0 0 0 0 0.5 0.5 0.5 0.5 0.5 0.5 0 0 
WA
1000 600 400 0 0 0 1000 0 0 0 0 0 0.5 0.5 0.5 0.5 0.5 0.5 0 0 
CW
1000 600 450 0 0 0 1000 0 0 0 0 0 0.5 0.5 0.5 0.5 0.5 0.5 0 0 
WA
1000 600 1000 0 0 0 1000 0 0 0 0 0 0.5 0.5 0.5 0.5 0.5 0.5 0 0 
CW
1000 600 1050 90 0 0 1000 0 0 0 0 0 0.5 0.5 0.5 0.5 0.5 0.5 0 0 
CW
1000 650 100 180 0 0 1000 0 0 0 0 0 0.5 0.5 0.5 0.5 0.5 0.5 0 0 
WA
1000 650 150 0 0 0 1000 0 0 0 0 0 0.5 0.5 0.5 0.5 0.5 0.5 0 0 
WA
1000 650 200 0 0 0 1000 0 0 0 0 0 0.5 0.5 0.5 0.5 0.5 0.5 0 0 
WA
1000 650 250 0 0 0 1000 0 0 0 0 0 0.5 0.5 0.5 0.5 0.5 0.5 0 0 
WA
1000 650 300 0 0 0 1000 0 0 0 0 0 0.5 0.5 0.5 0.5 0.5 0.5 0 0 
WA
1000 650 350 0 0 0 1000 0 0 0 0 0 0.5 0.5 0.5 0.5 0.5 0.5 0 0 
WA
1000 650 400 0 0 0 1000 0 0 0 0 0 0.5 0.5 0.5 0.5 0.5 0.5 0 0 
CW
1000 650 1000 270 0 0 1000 0 0 0 0 0 0.5 0.5 0.5 0.5 0.5 0.5 0 0 
WA
1000 650 1050 0 0 0 1000 0 0 0 0 0 0.5 0.5 0.5 0.5 0.5 0.5 0 0 
WA
1000 700 0 0 0 0 1000 0 0 0 0 0 0.5 0.5 0.5 0.5 0.5 0.5 0 0 
WA
1000 700 50 0 0 0 1000 0 0 0 0 0 0.5 0.5 0.5 0.5 0.5 0.5 0 0 
WA
1000 700 100 0 0 0 1000 0 0 0 0 0 0.5 0.5 0.5 0.5 0.5 0.5 0 0 
WA
1000 700 150 0 0 0 1000 0 0 0 0 0 0.5 0.5 0.5 0.5 0.5 0.5 0 0 
WA
1000 700 200 0 0 0 1000 0 0 0 0 0 0.5 0.5 0.5 0.5 0.5 0.5 0 0 
WA
1000 700 250 0 0 0 1000 0 0 0 0 0 0.5 0.5 0.5 0.5 0.5 0.5 0 0 
WA
1000 700 300 0 0 0 1000 0 0 0 0 0 0.5 0.5 0.5 0.5 0.5 0.5 0 0 
WA
1000 700 350 0 0 0 1000 0 0 0 0 0 0.5 0.5 0.5 0.5 0.5 0.5 0 0 
WA
1000 700 400 0 0 0 1000 0 0 0 0 0 0.5 0.5 0.5 0.5 0.5 0.5 0 0 
CW
1000 700 1050 270 0 0 1000 0 0 0 0 0 0.5 0.5 0.5 0.5 0.5 0.5 0 0 
CW
1000 700 1100 90 0 0 1000 0 0 0 0 0 0.5 0.5 0.5 0.5 0.5 0.5 0 0 
WA
1000 750 0 0 0 0 1000 0 0 0 0 0 0.5 0.5 0.5 0.5 0.5 0.5 0 0 
WA
1000 750 50 0 0 0 1000 0 0 0 0 0 0.5 0.5 0.5 0.5 0.5 0.5 0 0 
WA
1000 750 100 0 0 0 1000 0 0 0 0 0 0.5 0.5 0.5 0.5 0.5 0.5 0 0 
WA
1000 750 150 0 0 0 1000 0 0 0 0 0 0.5 0.5 0.5 0.5 0.5 0.5 0 0 
WA
1000 750 200 0 0 0 1000 0 0 0 0 0 0.5 0.5 0.5 0.5 0.5 0.5 0 0 
WA
1000 750 250 0 0 0 1000 0 0 0 0 0 0.5 0.5 0.5 0.5 0.5 0.5 0 0 
WA
1000 750 300 0 0 0 1000 0 0 0 0 0 0.5 0.5 0.5 0.5 0.5 0.5 0 0 
WA
1000 750 350 0 0 0 1000 0 0 0 0 0 0.5 0.5 0.5 0.5 0.5 0.5 0 0 
WA
1000 750 400 0 0 0 1000 0 0 0 0 0 0.5 0.5 0.5 0.5 0.5 0.5 0 0 
CW
1000 750 450 90 0 0 1000 0 0 0 0 0 0.5 0.5 0.5 0.5 0.5 0.5 0 0 
CW
1000 750 1100 270 0 0 1000 0 0 0 0 0 0.5 0.5 0.5 0.5 0.5 0.5 0 0 
CW
1000 750 1150 90 0 0 1000 0 0 0 0 0 0.5 0.5 0.5 0.5 0.5 0.5 0 0 
WA
1000 800 400 0 0 0 1000 0 0 0 0 0 0.5 0.5 0.5 0.5 0.5 0.5 0 0 
WA
1000 800 450 0 0 0 1000 0 0 0 0 0 0.5 0.5 0.5 0.5 0.5 0.5 0 0 
WA
1000 800 1150 0 0 0 1000 0 0 0 0 0 0.5 0.5 0.5 0.5 0.5 0.5 0 0 
CW
1000 800 1200 90 0 0 1000 0 0 0 0 0 0.5 0.5 0.5 0.5 0.5 0.5 0 0 
WA
1000 850 400 0 0 0 1000 0 0 0 0 0 0.5 0.5 0.5 0.5 0.5 0.5 0 0 
WA
1000 850 450 0 0 0 1000 0 0 0 0 0 0.5 0.5 0.5 0.5 0.5 0.5 0 0 
CW
1000 850 1150 270 0 0 1000 0 0 0 0 0 0.5 0.5 0.5 0.5 0.5 0.5 0 0 
WA
1000 850 1200 0 0 0 1000 0 0 0 0 0 0.5 0.5 0.5 0.5 0.5 0.5 0 0 
WA
1000 900 400 0 0 0 1000 0 0 0 0 0 0.5 0.5 0.5 0.5 0.5 0.5 0 0 
WA
1000 900 450 0 0 0 1000 0 0 0 0 0 0.5 0.5 0.5 0.5 0.5 0.5 0 0 
WA
1000 900 1200 0 0 0 1000 0 0 0 0 0 0.5 0.5 0.5 0.5 0.5 0.5 0 0 
CW
1000 900 1250 90 0 0 1000 0 0 0 0 0 0.5 0.5 0.5 0.5 0.5 0.5 0 0 
WA
1000 950 400 0 0 0 1000 0 0 0 0 0 0.5 0.5 0.5 0.5 0.5 0.5 0 0 
WA
1000 950 450 0 0 0 1000 0 0 0 0 0 0.5 0.5 0.5 0.5 0.5 0.5 0 0 
CW
1000 950 1200 270 0 0 1000 0 0 0 0 0 0.5 0.5 0.5 0.5 0.5 0.5 0 0 
WA
1000 950 1250 0 0 0 1000 0 0 0 0 0 0.5 0.5 0.5 0.5 0.5 0.5 0 0 
WA
1000 1000 400 0 0 0 1000 0 0 0 0 0 0.5 0.5 0.5 0.5 0.5 0.5 0 0 
WA
1000 1000 450 0 0 0 1000 0 0 0 0 0 0.5 0.5 0.5 0.5 0.5 0.5 0 0 
CW
1000 1000 1250 270 0 0 1000 0 0 0 0 0 0.5 0.5 0.5 0.5 0.5 0.5 0 0 
CW
1000 1000 1300 90 0 0 1000 0 0 0 0 0 0.5 0.5 0.5 0.5 0.5 0.5 0 0 
WA
1000 1050 400 0 0 0 1000 0 0 0 0 0 0.5 0.5 0.5 0.5 0.5 0.5 0 0 
WA
1000 1050 450 0 0 0 1000 0 0 0 0 0 0.5 0.5 0.5 0.5 0.5 0.5 0 0 
WA
1000 1050 1300 0 0 0 1000 0 0 0 0 0 0.5 0.5 0.5 0.5 0.5 0.5 0 0 
CW
1000 1050 1350 90 0 0 1000 0 0 0 0 0 0.5 0.5 0.5 0.5 0.5 0.5 0 0 
WA
1000 1100 1300 0 0 0 1000 0 0 0 0 0 0.5 0.5 0.5 0.5 0.5 0.5 0 0 
WA
1000 1100 1350 0 0 0 1000 0 0 0 0 0 0.5 0.5 0.5 0.5 0.5 0.5 0 0 
WA
1000 1150 400 0 0 0 1000 0 0 0 0 0 0.5 0.5 0.5 0.5 0.5 0.5 0 0 
WA
1000 1150 450 0 0 0 1000 0 0 0 0 0 0.5 0.5 0.5 0.5 0.5 0.5 0 0 
CW
1000 1150 700 180 0 0 1000 0 0 0 0 0 0.5 0.5 0.5 0.5 0.5 0.5 0 0 
WA
1000 1150 750 0 0 0 1000 0 0 0 0 0 0.5 0.5 0.5 0.5 0.5 0.5 0 0 
CW
1000 1150 800 90 0 0 1000 0 0 0 0 0 0.5 0.5 0.5 0.5 0.5 0.5 0 0 
WA
1000 1150 1300 0 0 0 1000 0 0 0 0 0 0.5 0.5 0.5 0.5 0.5 0.5 0 0 
WA
1000 1150 1350 0 0 0 1000 0 0 0 0 0 0.5 0.5 0.5 0.5 0.5 0.5 0 0 
CW
1000 1200 400 270 0 0 1000 0 0 0 0 0 0.5 0.5 0.5 0.5 0.5 0.5 0 0 
WA
1000 1200 450 0 0 0 1000 0 0 0 0 0 0.5 0.5 0.5 0.5 0.5 0.5 0 0 
CW
1000 1200 650 180 0 0 1000 0 0 0 0 0 0.5 0.5 0.5 0.5 0.5 0.5 0 0 
WA
1000 1200 700 0 0 0 1000 0 0 0 0 0 0.5 0.5 0.5 0.5 0.5 0.5 0 0 
WA
1000 1200 750 0 0 0 1000 0 0 0 0 0 0.5 0.5 0.5 0.5 0.5 0.5 0 0 
WA
1000 1200 800 0 0 0 1000 0 0 0 0 0 0.5 0.5 0.5 0.5 0.5 0.5 0 0 
WA
1000 1200 850 0 0 0 1000 0 0 0 0 0 0.5 0.5 0.5 0.5 0.5 0.5 0 0 
WA
1000 1200 900 0 0 0 1000 0 0 0 0 0 0.5 0.5 0.5 0.5 0.5 0.5 0 0 
WA
1000 1200 950 0 0 0 1000 0 0 0 0 0 0.5 0.5 0.5 0.5 0.5 0.5 0 0 
WA
1000 1200 1000 0 0 0 1000 0 0 0 0 0 0.5 0.5 0.5 0.5 0.5 0.5 0 0 
WA
1000 1200 1050 0 0 0 1000 0 0 0 0 0 0.5 0.5 0.5 0.5 0.5 0.5 0 0 
WA
1000 1200 1100 0 0 0 1000 0 0 0 0 0 0.5 0.5 0.5 0.5 0.5 0.5 0 0 
WA
1000 1200 1150 0 0 0 1000 0 0 0 0 0 0.5 0.5 0.5 0.5 0.5 0.5 0 0 
WA
1000 1200 1200 0 0 0 1000 0 0 0 0 0 0.5 0.5 0.5 0.5 0.5 0.5 0 0 
WA
1000 1200 1250 0 0 0 1000 0 0 0 0 0 0.5 0.5 0.5 0.5 0.5 0.5 0 0 
WA
1000 1200 1300 0 0 0 1000 0 0 0 0 0 0.5 0.5 0.5 0.5 0.5 0.5 0 0 
WA
1000 1200 1350 0 0 0 1000 0 0 0 0 0 0.5 0.5 0.5 0.5 0.5 0.5 0 0 
WA
1000 1250 450 0 0 0 1000 0 0 0 0 0 0.5 0.5 0.5 0.5 0.5 0.5 0 0 
CW
1000 1250 500 90 0 0 1000 0 0 0 0 0 0.5 0.5 0.5 0.5 0.5 0.5 0 0 
WA
1000 1250 650 0 0 0 1000 0 0 0 0 0 0.5 0.5 0.5 0.5 0.5 0.5 0 0 
CW
1000 1250 700 0 0 0 1000 0 0 0 0 0 0.5 0.5 0.5 0.5 0.5 0.5 0 0 
CW
1000 1250 850 270 0 0 1000 0 0 0 0 0 0.5 0.5 0.5 0.5 0.5 0.5 0 0 
WA
1000 1250 900 0 0 0 1000 0 0 0 0 0 0.5 0.5 0.5 0.5 0.5 0.5 0 0 
WA
1000 1250 950 0 0 0 1000 0 0 0 0 0 0.5 0.5 0.5 0.5 0.5 0.5 0 0 
WA
1000 1250 1000 0 0 0 1000 0 0 0 0 0 0.5 0.5 0.5 0.5 0.5 0.5 0 0 
WA
1000 1250 1050 0 0 0 1000 0 0 0 0 0 0.5 0.5 0.5 0.5 0.5 0.5 0 0 
WA
1000 1250 1100 0 0 0 1000 0 0 0 0 0 0.5 0.5 0.5 0.5 0.5 0.5 0 0 
WA
1000 1250 1150 0 0 0 1000 0 0 0 0 0 0.5 0.5 0.5 0.5 0.5 0.5 0 0 
WA
1000 1250 1200 0 0 0 1000 0 0 0 0 0 0.5 0.5 0.5 0.5 0.5 0.5 0 0 
WA
1000 1250 1250 0 0 0 1000 0 0 0 0 0 0.5 0.5 0.5 0.5 0.5 0.5 0 0 
WA
1000 1250 1300 0 0 0 1000 0 0 0 0 0 0.5 0.5 0.5 0.5 0.5 0.5 0 0 
WA
1000 1250 1350 0 0 0 1000 0 0 0 0 0 0.5 0.5 0.5 0.5 0.5 0.5 0 0 
WA
1000 1300 450 0 0 0 1000 0 0 0 0 0 0.5 0.5 0.5 0.5 0.5 0.5 0 0 
WA
1000 1300 500 0 0 0 1000 0 0 0 0 0 0.5 0.5 0.5 0.5 0.5 0.5 0 0 
CW
1000 1300 600 180 0 0 1000 0 0 0 0 0 0.5 0.5 0.5 0.5 0.5 0.5 0 0 
WA
1000 1300 650 0 0 0 1000 0 0 0 0 0 0.5 0.5 0.5 0.5 0.5 0.5 0 0 
WA
1000 1300 1350 0 0 0 1000 0 0 0 0 0 0.5 0.5 0.5 0.5 0.5 0.5 0 0 
CW
1000 1300 1400 90 0 0 1000 0 0 0 0 0 0.5 0.5 0.5 0.5 0.5 0.5 0 0 
WA
1000 1350 450 0 0 0 1000 0 0 0 0 0 0.5 0.5 0.5 0.5 0.5 0.5 0 0 
WA
1000 1350 500 0 0 0 1000 0 0 0 0 0 0.5 0.5 0.5 0.5 0.5 0.5 0 0 
WA
1000 1350 550 0 0 0 1000 0 0 0 0 0 0.5 0.5 0.5 0.5 0.5 0.5 0 0 
WA
1000 1350 600 0 0 0 1000 0 0 0 0 0 0.5 0.5 0.5 0.5 0.5 0.5 0 0 
CW
1000 1350 650 0 0 0 1000 0 0 0 0 0 0.5 0.5 0.5 0.5 0.5 0.5 0 0 
WA
1000 1350 1350 0 0 0 1000 0 0 0 0 0 0.5 0.5 0.5 0.5 0.5 0.5 0 0 
WA
1000 1350 1400 0 0 0 1000 0 0 0 0 0 0.5 0.5 0.5 0.5 0.5 0.5 0 0 
CW
1000 1400 450 270 0 0 1000 0 0 0 0 0 0.5 0.5 0.5 0.5 0.5 0.5 0 0 
WA
1000 1400 500 0 0 0 1000 0 0 0 0 0 0.5 0.5 0.5 0.5 0.5 0.5 0 0 
WA
1000 1400 550 0 0 0 1000 0 0 0 0 0 0.5 0.5 0.5 0.5 0.5 0.5 0 0 
WA
1000 1400 600 0 0 0 1000 0 0 0 0 0 0.5 0.5 0.5 0.5 0.5 0.5 0 0 
WA
1000 1400 1350 0 0 0 1000 0 0 0 0 0 0.5 0.5 0.5 0.5 0.5 0.5 0 0 
WA
1000 1400 1400 0 0 0 1000 0 0 0 0 0 0.5 0.5 0.5 0.5 0.5 0.5 0 0 
WA
1000 1450 500 0 0 0 1000 0 0 0 0 0 0.5 0.5 0.5 0.5 0.5 0.5 0 0 
WA
1000 1450 550 0 0 0 1000 0 0 0 0 0 0.5 0.5 0.5 0.5 0.5 0.5 0 0 
CW
1000 1450 600 0 0 0 1000 0 0 0 0 0 0.5 0.5 0.5 0.5 0.5 0.5 0 0 
WA
1000 1450 1350 0 0 0 1000 0 0 0 0 0 0.5 0.5 0.5 0.5 0.5 0.5 0 0 
WA
1000 1450 1400 0 0 0 1000 0 0 0 0 0 0.5 0.5 0.5 0.5 0.5 0.5 0 0 
WA
1000 1500 500 0 0 0 1000 0 0 0 0 0 0.5 0.5 0.5 0.5 0.5 0.5 0 0 
WA
1000 1500 550 0 0 0 1000 0 0 0 0 0 0.5 0.5 0.5 0.5 0.5 0.5 0 0 
WA
1000 1500 1350 0 0 0 1000 0 0 0 0 0 0.5 0.5 0.5 0.5 0.5 0.5 0 0 
WA
1000 1500 1400 0 0 0 1000 0 0 0 0 0 0.5 0.5 0.5 0.5 0.5 0.5 0 0 
WA
1000 1550 500 0 0 0 1000 0 0 0 0 0 0.5 0.5 0.5 0.5 0.5 0.5 0 0 
CW
1000 1550 550 0 0 0 1000 0 0 0 0 0 0.5 0.5 0.5 0.5 0.5 0.5 0 0 
WA
1000 1550 1350 0 0 0 1000 0 0 0 0 0 0.5 0.5 0.5 0.5 0.5 0.5 0 0 
WA
1000 1550 1400 0 0 0 1000 0 0 0 0 0 0.5 0.5 0.5 0.5 0.5 0.5 0 0 
CW
1000 1600 450 180 0 0 1000 0 0 0 0 0 0.5 0.5 0.5 0.5 0.5 0.5 0 0 
WA
1000 1600 500 0 0 0 1000 0 0 0 0 0 0.5 0.5 0.5 0.5 0.5 0.5 0 0 
WA
1000 1600 1350 0 0 0 1000 0 0 0 0 0 0.5 0.5 0.5 0.5 0.5 0.5 0 0 
WA
1000 1600 1400 0 0 0 1000 0 0 0 0 0 0.5 0.5 0.5 0.5 0.5 0.5 0 0 
WA
1000 1650 450 0 0 0 1000 0 0 0 0 0 0.5 0.5 0.5 0.5 0.5 0.5 0 0 
WA
1000 1650 500 0 0 0 1000 0 0 0 0 0 0.5 0.5 0.5 0.5 0.5 0.5 0 0 
WA
1000 1650 1350 0 0 0 1000 0 0 0 0 0 0.5 0.5 0.5 0.5 0.5 0.5 0 0 
WA
1000 1650 1400 0 0 0 1000 0 0 0 0 0 0.5 0.5 0.5 0.5 0.5 0.5 0 0 
WA
1000 1700 450 0 0 0 1000 0 0 0 0 0 0.5 0.5 0.5 0.5 0.5 0.5 0 0 
CW
1000 1700 500 0 0 0 1000 0 0 0 0 0 0.5 0.5 0.5 0.5 0.5 0.5 0 0 
WA
1000 1700 1350 0 0 0 1000 0 0 0 0 0 0.5 0.5 0.5 0.5 0.5 0.5 0 0 
WA
1000 1700 1400 0 0 0 1000 0 0 0 0 0 0.5 0.5 0.5 0.5 0.5 0.5 0 0 
CW
1000 1750 400 180 0 0 1000 0 0 0 0 0 0.5 0.5 0.5 0.5 0.5 0.5 0 0 
WA
1000 1750 450 0 0 0 1000 0 0 0 0 0 0.5 0.5 0.5 0.5 0.5 0.5 0 0 
WA
1000 1750 1350 0 0 0 1000 0 0 0 0 0 0.5 0.5 0.5 0.5 0.5 0.5 0 0 
WA
1000 1750 1400 0 0 0 1000 0 0 0 0 0 0.5 0.5 0.5 0.5 0.5 0.5 0 0 
WA
1000 1800 400 0 0 0 1000 0 0 0 0 0 0.5 0.5 0.5 0.5 0.5 0.5 0 0 
WA
1000 1800 450 0 0 0 1000 0 0 0 0 0 0.5 0.5 0.5 0.5 0.5 0.5 0 0 
WA
1000 1800 1350 0 0 0 1000 0 0 0 0 0 0.5 0.5 0.5 0.5 0.5 0.5 0 0 
WA
1000 1800 1400 0 0 0 1000 0 0 0 0 0 0.5 0.5 0.5 0.5 0.5 0.5 0 0 
WA
1000 1850 400 0 0 0 1000 0 0 0 0 0 0.5 0.5 0.5 0.5 0.5 0.5 0 0 
WA
1000 1850 450 0 0 0 1000 0 0 0 0 0 0.5 0.5 0.5 0.5 0.5 0.5 0 0 
WA
1000 1900 400 0 0 0 1000 0 0 0 0 0 0.5 0.5 0.5 0.5 0.5 0.5 0 0 
WA
1000 1900 450 0 0 0 1000 0 0 0 0 0 0.5 0.5 0.5 0.5 0.5 0.5 0 0 
WA
1000 1900 1350 0 0 0 1000 0 0 0 0 0 0.5 0.5 0.5 0.5 0.5 0.5 0 0 
WA
1000 1900 1400 0 0 0 1000 0 0 0 0 0 0.5 0.5 0.5 0.5 0.5 0.5 0 0 
WA
1000 1950 400 0 0 0 1000 0 0 0 0 0 0.5 0.5 0.5 0.5 0.5 0.5 0 0 
WA
1000 1950 450 0 0 0 1000 0 0 0 0 0 0.5 0.5 0.5 0.5 0.5 0.5 0 0 
WA
1000 1950 1350 0 0 0 1000 0 0 0 0 0 0.5 0.5 0.5 0.5 0.5 0.5 0 0 
WA
1000 1950 1400 0 0 0 1000 0 0 0 0 0 0.5 0.5 0.5 0.5 0.5 0.5 0 0 
OD
1000 1100 425 0 0 0 1000 0 0 0 0 0 0.5 0.5 0.5 0.5 0.5 0.5 0 0 1 0 
OD
1000 1850 1375 0 0 0 1000 0 0 0 0 0 0.5 0.5 0.5 0.5 0.5 0.5 0 0 1 0 
EB
300 0 250 0 0 0 300 0 0 0 0 0 0 0 0 0 0 0 0 0 0 
OB
1000 100 1300 0 0 0 1000 0 0 0 0 0 0.5 0.5 0.5 0.5 0.5 0.5 0 0 
OB
1000 150 1950 0 0 0 1000 0 0 0 0 0 0.5 0.5 0.5 0.5 0.5 0.5 0 0 
OB
1000 200 950 0 0 0 1000 0 0 0 0 0 0.5 0.5 0.5 0.5 0.5 0.5 0 0 
OB
1000 250 1300 0 0 0 1000 0 0 0 0 0 0.5 0.5 0.5 0.5 0.5 0.5 0 0 
OB
1000 400 200 0 0 0 1000 0 0 0 0 0 0.5 0.5 0.5 0.5 0.5 0.5 0 0 
EB
300 400 850 0 0 0 300 0 0 0 0 0 0 0 0 0 0 0 0 0 0 
EB
300 450 100 0 0 0 300 0 0 0 0 0 0 0 0 0 0 0 0 0 0 
OB
1000 500 200 0 0 0 1000 0 0 0 0 0 0.5 0.5 0.5 0.5 0.5 0.5 0 0 
EB
300 600 700 0 0 0 300 0 0 0 0 0 0 0 0 0 0 0 0 0 0 
OB
1000 750 950 0 0 0 1000 0 0 0 0 0 0.5 0.5 0.5 0.5 0.5 0.5 0 0 
OB
1000 800 100 0 0 0 1000 0 0 0 0 0 0.5 0.5 0.5 0.5 0.5 0.5 0 0 
EB
300 800 1900 0 0 0 300 0 0 0 0 0 0 0 0 0 0 0 0 0 0 
OB
1000 850 1100 0 0 0 1000 0 0 0 0 0 0.5 0.5 0.5 0.5 0.5 0.5 0 0 
OB
1000 850 1450 0 0 0 1000 0 0 0 0 0 0.5 0.5 0.5 0.5 0.5 0.5 0 0 
OB
1000 900 200 0 0 0 1000 0 0 0 0 0 0.5 0.5 0.5 0.5 0.5 0.5 0 0 
OB
1000 900 250 0 0 0 1000 0 0 0 0 0 0.5 0.5 0.5 0.5 0.5 0.5 0 0 
OB
1000 900 1000 0 0 0 1000 0 0 0 0 0 0.5 0.5 0.5 0.5 0.5 0.5 0 0 
OB
1000 950 200 0 0 0 1000 0 0 0 0 0 0.5 0.5 0.5 0.5 0.5 0.5 0 0 
EB
300 950 250 0 0 0 300 0 0 0 0 0 0 0 0 0 0 0 0 0 0 
OB
1000 1000 1050 0 0 0 1000 0 0 0 0 0 0.5 0.5 0.5 0.5 0.5 0.5 0 0 
OB
1000 1050 150 0 0 0 1000 0 0 0 0 0 0.5 0.5 0.5 0.5 0.5 0.5 0 0 
EB
300 1050 600 0 0 0 300 0 0 0 0 0 0 0 0 0 0 0 0 0 0 
OB
1000 1050 1600 0 0 0 1000 0 0 0 0 0 0.5 0.5 0.5 0.5 0.5 0.5 0 0 
OB
1000 1150 900 0 0 0 1000 0 0 0 0 0 0.5 0.5 0.5 0.5 0.5 0.5 0 0 
OB
1000 1200 600 0 0 0 1000 0 0 0 0 0 0.5 0.5 0.5 0.5 0.5 0.5 0 0 
OB
1000 1350 700 0 0 0 1000 0 0 0 0 0 0.5 0.5 0.5 0.5 0.5 0.5 0 0 
OB
1000 1350 1650 0 0 0 1000 0 0 0 0 0 0.5 0.5 0.5 0.5 0.5 0.5 0 0 
EB
300 1400 1050 0 0 0 300 0 0 0 0 0 0 0 0 0 0 0 0 0 0 
OB
1000 1550 800 0 0 0 1000 0 0 0 0 0 0.5 0.5 0.5 0.5 0.5 0.5 0 0 
EB
300 1700 1000 0 0 0 300 0 0 0 0 0 0 0 0 0 0 0 0 0 0 
EB
300 1700 1700 0 0 0 300 0 0 0 0 0 0 0 0 0 0 0 0 0 0 
OB
1000 1750 200 0 0 0 1000 0 0 0 0 0 0.5 0.5 0.5 0.5 0.5 0.5 0 0 
OB
1000 1750 1600 0 0 0 1000 0 0 0 0 0 0.5 0.5 0.5 0.5 0.5 0.5 0 0 
OB
1000 1750 1750 0 0 0 1000 0 0 0 0 0 0.5 0.5 0.5 0.5 0.5 0.5 0 0 
OB
1000 1800 500 0 0 0 1000 0 0 0 0 0 0.5 0.5 0.5 0.5 0.5 0.5 0 0 
OB
1000 1850 1300 0 0 0 1000 0 0 0 0 0 0.5 0.5 0.5 0.5 0.5 0.5 0 0 
OB
1000 1900 1650 0 0 0 1000 0 0 0 0 0 0.5 0.5 0.5 0.5 0.5 0.5 0 0 
CH
10000 1350 350 0 0 0 10000 0 0 0 0 0 0 0 0 0 0 0 0 0 5 0 -1 2 3 0 -1 0 -1 0 -1 
CH
10000 1600 300 0 0 0 10000 0 0 0 0 0 0 0 0 0 0 0 0 0 4 4 6 5 1 1 19 5 1 
CH
10000 1700 850 0 0 0 10000 0 0 0 0 0 0 0 0 0 0 0 0 0 5 2 2 3 5 3 8 2 8 0 -1 
CH
10000 950 550 0 0 0 10000 0 0 0 0 0 0 0 0 0 0 0 0 0 2 1 22 0 -1 
CH
10000 1450 300 0 0 0 10000 0 0 0 0 0 0 0 0 0 0 0 0 0 1 1 18 
END
MD

AE
WA
1000 0 1150 0 0 0 1000 0 0 0 0 0 0.5 0.5 0.5 0.5 0.5 0.5 0 0 
WA
1000 0 1200 0 0 0 1000 0 0 0 0 0 0.5 0.5 0.5 0.5 0.5 0.5 0 0 
WA
1000 50 1150 0 0 0 1000 0 0 0 0 0 0.5 0.5 0.5 0.5 0.5 0.5 0 0 
WA
1000 50 1200 0 0 0 1000 0 0 0 0 0 0.5 0.5 0.5 0.5 0.5 0.5 0 0 
WA
1000 100 1150 0 0 0 1000 0 0 0 0 0 0.5 0.5 0.5 0.5 0.5 0.5 0 0 
WA
1000 100 1200 0 0 0 1000 0 0 0 0 0 0.5 0.5 0.5 0.5 0.5 0.5 0 0 
WA
1000 150 1150 0 0 0 1000 0 0 0 0 0 0.5 0.5 0.5 0.5 0.5 0.5 0 0 
WA
1000 150 1200 0 0 0 1000 0 0 0 0 0 0.5 0.5 0.5 0.5 0.5 0.5 0 0 
WA
1000 200 1150 0 0 0 1000 0 0 0 0 0 0.5 0.5 0.5 0.5 0.5 0.5 0 0 
WA
1000 200 1200 0 0 0 1000 0 0 0 0 0 0.5 0.5 0.5 0.5 0.5 0.5 0 0 
WA
1000 250 1150 0 0 0 1000 0 0 0 0 0 0.5 0.5 0.5 0.5 0.5 0.5 0 0 
WA
1000 250 1200 0 0 0 1000 0 0 0 0 0 0.5 0.5 0.5 0.5 0.5 0.5 0 0 
WA
1000 350 1150 0 0 0 1000 0 0 0 0 0 0.5 0.5 0.5 0.5 0.5 0.5 0 0 
WA
1000 350 1200 0 0 0 1000 0 0 0 0 0 0.5 0.5 0.5 0.5 0.5 0.5 0 0 
WA
1000 400 1150 0 0 0 1000 0 0 0 0 0 0.5 0.5 0.5 0.5 0.5 0.5 0 0 
CW
1000 400 1200 0 0 0 1000 0 0 0 0 0 0.5 0.5 0.5 0.5 0.5 0.5 0 0 
CW
1000 450 1100 180 0 0 1000 0 0 0 0 0 0.5 0.5 0.5 0.5 0.5 0.5 0 0 
WA
1000 450 1150 0 0 0 1000 0 0 0 0 0 0.5 0.5 0.5 0.5 0.5 0.5 0 0 
WA
1000 500 1100 0 0 0 1000 0 0 0 0 0 0.5 0.5 0.5 0.5 0.5 0.5 0 0 
WA
1000 500 1150 0 0 0 1000 0 0 0 0 0 0.5 0.5 0.5 0.5 0.5 0.5 0 0 
WA
1000 550 1100 0 0 0 1000 0 0 0 0 0 0.5 0.5 0.5 0.5 0.5 0.5 0 0 
WA
1000 550 1150 0 0 0 1000 0 0 0 0 0 0.5 0.5 0.5 0.5 0.5 0.5 0 0 
WA
1000 600 1100 0 0 0 1000 0 0 0 0 0 0.5 0.5 0.5 0.5 0.5 0.5 0 0 
WA
1000 600 1150 0 0 0 1000 0 0 0 0 0 0.5 0.5 0.5 0.5 0.5 0.5 0 0 
WA
1000 650 0 0 0 0 1000 0 0 0 0 0 0.5 0.5 0.5 0.5 0.5 0.5 0 0 
CW
1000 650 850 180 0 0 1000 0 0 0 0 0 0.5 0.5 0.5 0.5 0.5 0.5 0 0 
WA
1000 650 900 0 0 0 1000 0 0 0 0 0 0.5 0.5 0.5 0.5 0.5 0.5 0 0 
WA
1000 650 950 0 0 0 1000 0 0 0 0 0 0.5 0.5 0.5 0.5 0.5 0.5 0 0 
WA
1000 650 1000 0 0 0 1000 0 0 0 0 0 0.5 0.5 0.5 0.5 0.5 0.5 0 0 
WA
1000 650 1050 0 0 0 1000 0 0 0 0 0 0.5 0.5 0.5 0.5 0.5 0.5 0 0 
WA
1000 650 1100 0 0 0 1000 0 0 0 0 0 0.5 0.5 0.5 0.5 0.5 0.5 0 0 
WA
1000 650 1150 0 0 0 1000 0 0 0 0 0 0.5 0.5 0.5 0.5 0.5 0.5 0 0 
CW
1000 650 1200 90 0 0 1000 0 0 0 0 0 0.5 0.5 0.5 0.5 0.5 0.5 0 0 
WA
1000 700 0 0 0 0 1000 0 0 0 0 0 0.5 0.5 0.5 0.5 0.5 0.5 0 0 
WA
1000 700 50 0 0 0 1000 0 0 0 0 0 0.5 0.5 0.5 0.5 0.5 0.5 0 0 
WA
1000 700 100 0 0 0 1000 0 0 0 0 0 0.5 0.5 0.5 0.5 0.5 0.5 0 0 
CW
1000 700 150 90 0 0 1000 0 0 0 0 0 0.5 0.5 0.5 0.5 0.5 0.5 0 0 
CW
1000 700 800 180 0 0 1000 0 0 0 0 0 0.5 0.5 0.5 0.5 0.5 0.5 0 0 
WA
1000 700 850 0 0 0 1000 0 0 0 0 0 0.5 0.5 0.5 0.5 0.5 0.5 0 0 
WA
1000 700 900 0 0 0 1000 0 0 0 0 0 0.5 0.5 0.5 0.5 0.5 0.5 0 0 
WA
1000 700 950 0 0 0 1000 0 0 0 0 0 0.5 0.5 0.5 0.5 0.5 0.5 0 0 
WA
1000 700 1000 0 0 0 1000 0 0 0 0 0 0.5 0.5 0.5 0.5 0.5 0.5 0 0 
WA
1000 700 1050 0 0 0 1000 0 0 0 0 0 0.5 0.5 0.5 0.5 0.5 0.5 0 0 
WA
1000 700 1100 0 0 0 1000 0 0 0 0 0 0.5 0.5 0.5 0.5 0.5 0.5 0 0 
WA
1000 700 1150 0 0 0 1000 0 0 0 0 0 0.5 0.5 0.5 0.5 0.5 0.5 0 0 
WA
1000 700 1200 0 0 0 1000 0 0 0 0 0 0.5 0.5 0.5 0.5 0.5 0.5 0 0 
CW
1000 750 50 270 0 0 1000 0 0 0 0 0 0.5 0.5 0.5 0.5 0.5 0.5 0 0 
WA
1000 750 100 0 0 0 1000 0 0 0 0 0 0.5 0.5 0.5 0.5 0.5 0.5 0 0 
WA
1000 750 150 0 0 0 1000 0 0 0 0 0 0.5 0.5 0.5 0.5 0.5 0.5 0 0 
WA
1000 750 250 0 0 0 1000 0 0 0 0 0 0.5 0.5 0.5 0.5 0.5 0.5 0 0 
WA
1000 750 300 0 0 0 1000 0 0 0 0 0 0.5 0.5 0.5 0.5 0.5 0.5 0 0 
WA
1000 750 350 0 0 0 1000 0 0 0 0 0 0.5 0.5 0.5 0.5 0.5 0.5 0 0 
CW
1000 750 400 90 0 0 1000 0 0 0 0 0 0.5 0.5 0.5 0.5 0.5 0.5 0 0 
CW
1000 750 700 180 0 0 1000 0 0 0 0 0 0.5 0.5 0.5 0.5 0.5 0.5 0 0 
WA
1000 750 750 0 0 0 1000 0 0 0 0 0 0.5 0.5 0.5 0.5 0.5 0.5 0 0 
CW
1000 750 800 0 0 0 1000 0 0 0 0 0 0.5 0.5 0.5 0.5 0.5 0.5 0 0 
CW
1000 750 1200 270 0 0 1000 0 0 0 0 0 0.5 0.5 0.5 0.5 0.5 0.5 0 0 
CW
1000 750 1250 90 0 0 1000 0 0 0 0 0 0.5 0.5 0.5 0.5 0.5 0.5 0 0 
WA
1000 800 250 0 0 0 1000 0 0 0 0 0 0.5 0.5 0.5 0.5 0.5 0.5 0 0 
WA
1000 800 300 0 0 0 1000 0 0 0 0 0 0.5 0.5 0.5 0.5 0.5 0.5 0 0 
WA
1000 800 350 0 0 0 1000 0 0 0 0 0 0.5 0.5 0.5 0.5 0.5 0.5 0 0 
WA
1000 800 400 0 0 0 1000 0 0 0 0 0 0.5 0.5 0.5 0.5 0.5 0.5 0 0 
WA
1000 800 450 0 0 0 1000 0 0 0 0 0 0.5 0.5 0.5 0.5 0.5 0.5 0 0 
WA
1000 800 500 0 0 0 1000 0 0 0 0 0 0.5 0.5 0.5 0.5 0.5 0.5 0 0 
WA
1000 800 550 0 0 0 1000 0 0 0 0 0 0.5 0.5 0.5 0.5 0.5 0.5 0 0 
WA
1000 800 600 0 0 0 1000 0 0 0 0 0 0.5 0.5 0.5 0.5 0.5 0.5 0 0 
WA
1000 800 650 0 0 0 1000 0 0 0 0 0 0.5 0.5 0.5 0.5 0.5 0.5 0 0 
WA
1000 800 700 0 0 0 1000 0 0 0 0 0 0.5 0.5 0.5 0.5 0.5 0.5 0 0 
WA
1000 800 750 0 0 0 1000 0 0 0 0 0 0.5 0.5 0.5 0.5 0.5 0.5 0 0 
CW
1000 800 1250 270 0 0 1000 0 0 0 0 0 0.5 0.5 0.5 0.5 0.5 0.5 0 0 
CW
1000 800 1300 90 0 0 1000 0 0 0 0 0 0.5 0.5 0.5 0.5 0.5 0.5 0 0 
CW
1000 850 450 270 0 0 1000 0 0 0 0 0 0.5 0.5 0.5 0.5 0.5 0.5 0 0 
WA
1000 850 500 0 0 0 1000 0 0 0 0 0 0.5 0.5 0.5 0.5 0.5 0.5 0 0 
WA
1000 850 550 0 0 0 1000 0 0 0 0 0 0.5 0.5 0.5 0.5 0.5 0.5 0 0 
WA
1000 850 600 0 0 0 1000 0 0 0 0 0 0.5 0.5 0.5 0.5 0.5 0.5 0 0 
WA
1000 850 650 0 0 0 1000 0 0 0 0 0 0.5 0.5 0.5 0.5 0.5 0.5 0 0 
WA
1000 850 700 0 0 0 1000 0 0 0 0 0 0.5 0.5 0.5 0.5 0.5 0.5 0 0 
WA
1000 850 750 0 0 0 1000 0 0 0 0 0 0.5 0.5 0.5 0.5 0.5 0.5 0 0 
WA
1000 900 700 0 0 0 1000 0 0 0 0 0 0.5 0.5 0.5 0.5 0.5 0.5 0 0 
WA
1000 900 750 0 0 0 1000 0 0 0 0 0 0.5 0.5 0.5 0.5 0.5 0.5 0 0 
CW
1000 900 1300 270 0 0 1000 0 0 0 0 0 0.5 0.5 0.5 0.5 0.5 0.5 0 0 
WA
1000 900 1350 0 0 0 1000 0 0 0 0 0 0.5 0.5 0.5 0.5 0.5 0.5 0 0 
WA
1000 950 700 0 0 0 1000 0 0 0 0 0 0.5 0.5 0.5 0.5 0.5 0.5 0 0 
WA
1000 950 750 0 0 0 1000 0 0 0 0 0 0.5 0.5 0.5 0.5 0.5 0.5 0 0 
CW
1000 950 1350 270 0 0 1000 0 0 0 0 0 0.5 0.5 0.5 0.5 0.5 0.5 0 0 
CW
1000 950 1400 90 0 0 1000 0 0 0 0 0 0.5 0.5 0.5 0.5 0.5 0.5 0 0 
WA
1000 1000 700 0 0 0 1000 0 0 0 0 0 0.5 0.5 0.5 0.5 0.5 0.5 0 0 
WA
1000 1000 750 0 0 0 1000 0 0 0 0 0 0.5 0.5 0.5 0.5 0.5 0.5 0 0 
CW
1000 1000 1400 270 0 0 1000 0 0 0 0 0 0.5 0.5 0.5 0.5 0.5 0.5 0 0 
CW
1000 1000 1450 90 0 0 1000 0 0 0 0 0 0.5 0.5 0.5 0.5 0.5 0.5 0 0 
WA
1000 1050 700 0 0 0 1000 0 0 0 0 0 0.5 0.5 0.5 0.5 0.5 0.5 0 0 
WA
1000 1050 750 0 0 0 1000 0 0 0 0 0 0.5 0.5 0.5 0.5 0.5 0.5 0 0 
WA
1000 1050 1450 0 0 0 1000 0 0 0 0 0 0.5 0.5 0.5 0.5 0.5 0.5 0 0 
CW
1000 1050 1500 90 0 0 1000 0 0 0 0 0 0.5 0.5 0.5 0.5 0.5 0.5 0 0 
CW
1000 1100 700 270 0 0 1000 0 0 0 0 0 0.5 0.5 0.5 0.5 0.5 0.5 0 0 
WA
1000 1100 750 0 0 0 1000 0 0 0 0 0 0.5 0.5 0.5 0.5 0.5 0.5 0 0 
CW
1000 1100 1450 270 0 0 1000 0 0 0 0 0 0.5 0.5 0.5 0.5 0.5 0.5 0 0 
WA
1000 1100 1500 0 0 0 1000 0 0 0 0 0 0.5 0.5 0.5 0.5 0.5 0.5 0 0 
WA
1000 1150 750 0 0 0 1000 0 0 0 0 0 0.5 0.5 0.5 0.5 0.5 0.5 0 0 
CW
1000 1150 800 90 0 0 1000 0 0 0 0 0 0.5 0.5 0.5 0.5 0.5 0.5 0 0 
WA
1000 1150 1500 0 0 0 1000 0 0 0 0 0 0.5 0.5 0.5 0.5 0.5 0.5 0 0 
CW
1000 1150 1550 90 0 0 1000 0 0 0 0 0 0.5 0.5 0.5 0.5 0.5 0.5 0 0 
WA
1000 1200 750 0 0 0 1000 0 0 0 0 0 0.5 0.5 0.5 0.5 0.5 0.5 0 0 
WA
1000 1200 800 0 0 0 1000 0 0 0 0 0 0.5 0.5 0.5 0.5 0.5 0.5 0 0 
WA
1000 1200 1500 0 0 0 1000 0 0 0 0 0 0.5 0.5 0.5 0.5 0.5 0.5 0 0 
WA
1000 1200 1550 0 0 0 1000 0 0 0 0 0 0.5 0.5 0.5 0.5 0.5 0.5 0 0 
WA
1000 1250 700 0 0 0 1000 0 0 0 0 0 0.5 0.5 0.5 0.5 0.5 0.5 0 0 
WA
1000 1250 750 0 0 0 1000 0 0 0 0 0 0.5 0.5 0.5 0.5 0.5 0.5 0 0 
WA
1000 1250 800 0 0 0 1000 0 0 0 0 0 0.5 0.5 0.5 0.5 0.5 0.5 0 0 
CW
1000 1250 1500 270 0 0 1000 0 0 0 0 0 0.5 0.5 0.5 0.5 0.5 0.5 0 0 
WA
1000 1250 1550 0 0 0 1000 0 0 0 0 0 0.5 0.5 0.5 0.5 0.5 0.5 0 0 
WA
1000 1300 750 0 0 0 1000 0 0 0 0 0 0.5 0.5 0.5 0.5 0.5 0.5 0 0 
WA
1000 1300 800 0 0 0 1000 0 0 0 0 0 0.5 0.5 0.5 0.5 0.5 0.5 0 0 
WA
1000 1300 1550 0 0 0 1000 0 0 0 0 0 0.5 0.5 0.5 0.5 0.5 0.5 0 0 
CW
1000 1300 1600 90 0 0 1000 0 0 0 0 0 0.5 0.5 0.5 0.5 0.5 0.5 0 0 
WA
1000 1350 750 0 0 0 1000 0 0 0 0 0 0.5 0.5 0.5 0.5 0.5 0.5 0 0 
CW
1000 1350 800 0 0 0 1000 0 0 0 0 0 0.5 0.5 0.5 0.5 0.5 0.5 0 0 
CW
1000 1350 1550 270 0 0 1000 0 0 0 0 0 0.5 0.5 0.5 0.5 0.5 0.5 0 0 
WA
1000 1350 1600 0 0 0 1000 0 0 0 0 0 0.5 0.5 0.5 0.5 0.5 0.5 0 0 
CW
1000 1400 700 180 0 0 1000 0 0 0 0 0 0.5 0.5 0.5 0.5 0.5 0.5 0 0 
WA
1000 1400 750 0 0 0 1000 0 0 0 0 0 0.5 0.5 0.5 0.5 0.5 0.5 0 0 
WA
1000 1400 1600 0 0 0 1000 0 0 0 0 0 0.5 0.5 0.5 0.5 0.5 0.5 0 0 
CW
1000 1400 1650 90 0 0 1000 0 0 0 0 0 0.5 0.5 0.5 0.5 0.5 0.5 0 0 
WA
1000 1450 700 0 0 0 1000 0 0 0 0 0 0.5 0.5 0.5 0.5 0.5 0.5 0 0 
WA
1000 1450 750 0 0 0 1000 0 0 0 0 0 0.5 0.5 0.5 0.5 0.5 0.5 0 0 
WA
1000 1450 1600 0 0 0 1000 0 0 0 0 0 0.5 0.5 0.5 0.5 0.5 0.5 0 0 
WA
1000 1450 1650 0 0 0 1000 0 0 0 0 0 0.5 0.5 0.5 0.5 0.5 0.5 0 0 
WA
1000 1500 700 0 0 0 1000 0 0 0 0 0 0.5 0.5 0.5 0.5 0.5 0.5 0 0 
WA
1000 1500 750 0 0 0 1000 0 0 0 0 0 0.5 0.5 0.5 0.5 0.5 0.5 0 0 
WA
1000 1500 1600 0 0 0 1000 0 0 0 0 0 0.5 0.5 0.5 0.5 0.5 0.5 0 0 
WA
1000 1500 1650 0 0 0 1000 0 0 0 0 0 0.5 0.5 0.5 0.5 0.5 0.5 0 0 
WA
1000 1550 700 0 0 0 1000 0 0 0 0 0 0.5 0.5 0.5 0.5 0.5 0.5 0 0 
WA
1000 1550 750 0 0 0 1000 0 0 0 0 0 0.5 0.5 0.5 0.5 0.5 0.5 0 0 
WA
1000 1550 1600 0 0 0 1000 0 0 0 0 0 0.5 0.5 0.5 0.5 0.5 0.5 0 0 
WA
1000 1550 1650 0 0 0 1000 0 0 0 0 0 0.5 0.5 0.5 0.5 0.5 0.5 0 0 
WA
1000 1600 700 0 0 0 1000 0 0 0 0 0 0.5 0.5 0.5 0.5 0.5 0.5 0 0 
WA
1000 1600 750 0 0 0 1000 0 0 0 0 0 0.5 0.5 0.5 0.5 0.5 0.5 0 0 
WA
1000 1600 1600 0 0 0 1000 0 0 0 0 0 0.5 0.5 0.5 0.5 0.5 0.5 0 0 
WA
1000 1600 1650 0 0 0 1000 0 0 0 0 0 0.5 0.5 0.5 0.5 0.5 0.5 0 0 
WA
1000 1650 700 0 0 0 1000 0 0 0 0 0 0.5 0.5 0.5 0.5 0.5 0.5 0 0 
WA
1000 1650 750 0 0 0 1000 0 0 0 0 0 0.5 0.5 0.5 0.5 0.5 0.5 0 0 
WA
1000 1650 1600 0 0 0 1000 0 0 0 0 0 0.5 0.5 0.5 0.5 0.5 0.5 0 0 
WA
1000 1650 1650 0 0 0 1000 0 0 0 0 0 0.5 0.5 0.5 0.5 0.5 0.5 0 0 
WA
1000 1700 700 0 0 0 1000 0 0 0 0 0 0.5 0.5 0.5 0.5 0.5 0.5 0 0 
WA
1000 1700 750 0 0 0 1000 0 0 0 0 0 0.5 0.5 0.5 0.5 0.5 0.5 0 0 
WA
1000 1700 1600 0 0 0 1000 0 0 0 0 0 0.5 0.5 0.5 0.5 0.5 0.5 0 0 
WA
1000 1700 1650 0 0 0 1000 0 0 0 0 0 0.5 0.5 0.5 0.5 0.5 0.5 0 0 
WA
1000 1750 700 0 0 0 1000 0 0 0 0 0 0.5 0.5 0.5 0.5 0.5 0.5 0 0 
WA
1000 1750 750 0 0 0 1000 0 0 0 0 0 0.5 0.5 0.5 0.5 0.5 0.5 0 0 
WA
1000 1750 1600 0 0 0 1000 0 0 0 0 0 0.5 0.5 0.5 0.5 0.5 0.5 0 0 
WA
1000 1750 1650 0 0 0 1000 0 0 0 0 0 0.5 0.5 0.5 0.5 0.5 0.5 0 0 
WA
1000 1800 700 0 0 0 1000 0 0 0 0 0 0.5 0.5 0.5 0.5 0.5 0.5 0 0 
WA
1000 1800 750 0 0 0 1000 0 0 0 0 0 0.5 0.5 0.5 0.5 0.5 0.5 0 0 
WA
1000 1800 1600 0 0 0 1000 0 0 0 0 0 0.5 0.5 0.5 0.5 0.5 0.5 0 0 
WA
1000 1800 1650 0 0 0 1000 0 0 0 0 0 0.5 0.5 0.5 0.5 0.5 0.5 0 0 
WA
1000 1850 700 0 0 0 1000 0 0 0 0 0 0.5 0.5 0.5 0.5 0.5 0.5 0 0 
WA
1000 1850 750 0 0 0 1000 0 0 0 0 0 0.5 0.5 0.5 0.5 0.5 0.5 0 0 
WA
1000 1850 1600 0 0 0 1000 0 0 0 0 0 0.5 0.5 0.5 0.5 0.5 0.5 0 0 
WA
1000 1850 1650 0 0 0 1000 0 0 0 0 0 0.5 0.5 0.5 0.5 0.5 0.5 0 0 
WA
1000 1900 700 0 0 0 1000 0 0 0 0 0 0.5 0.5 0.5 0.5 0.5 0.5 0 0 
WA
1000 1900 750 0 0 0 1000 0 0 0 0 0 0.5 0.5 0.5 0.5 0.5 0.5 0 0 
WA
1000 1900 1600 0 0 0 1000 0 0 0 0 0 0.5 0.5 0.5 0.5 0.5 0.5 0 0 
WA
1000 1900 1650 0 0 0 1000 0 0 0 0 0 0.5 0.5 0.5 0.5 0.5 0.5 0 0 
WA
1000 1950 700 0 0 0 1000 0 0 0 0 0 0.5 0.5 0.5 0.5 0.5 0.5 0 0 
WA
1000 1950 750 0 0 0 1000 0 0 0 0 0 0.5 0.5 0.5 0.5 0.5 0.5 0 0 
WA
1000 1950 1600 0 0 0 1000 0 0 0 0 0 0.5 0.5 0.5 0.5 0.5 0.5 0 0 
WA
1000 1950 1650 0 0 0 1000 0 0 0 0 0 0.5 0.5 0.5 0.5 0.5 0.5 0 0 
OD
1000 300 1175 0 0 0 1000 0 0 0 0 0 0.5 0.5 0.5 0.5 0.5 0.5 0 0 1 0 
OD
1000 775 200 0 0 0 1000 0 0 0 0 0 0.5 0.5 0.5 0.5 0.5 0.5 0 0 1 1 
OD
1000 850 1325 0 0 0 1000 0 0 0 0 0 0.5 0.5 0.5 0.5 0.5 0.5 0 0 1 0 
OB
1000 0 650 0 0 0 1000 0 0 0 0 0 0.5 0.5 0.5 0.5 0.5 0.5 0 0 
OB
1000 50 550 0 0 0 1000 0 0 0 0 0 0.5 0.5 0.5 0.5 0.5 0.5 0 0 
OB
1000 150 550 0 0 0 1000 0 0 0 0 0 0.5 0.5 0.5 0.5 0.5 0.5 0 0 
OB
1000 250 550 0 0 0 1000 0 0 0 0 0 0.5 0.5 0.5 0.5 0.5 0.5 0 0 
OB
1000 550 50 0 0 0 1000 0 0 0 0 0 0.5 0.5 0.5 0.5 0.5 0.5 0 0 
OB
1000 550 1800 0 0 0 1000 0 0 0 0 0 0.5 0.5 0.5 0.5 0.5 0.5 0 0 
OB
1000 650 250 0 0 0 1000 0 0 0 0 0 0.5 0.5 0.5 0.5 0.5 0.5 0 0 
OB
1000 650 1300 0 0 0 1000 0 0 0 0 0 0.5 0.5 0.5 0.5 0.5 0.5 0 0 
OB
1000 700 450 0 0 0 1000 0 0 0 0 0 0.5 0.5 0.5 0.5 0.5 0.5 0 0 
OB
1000 700 1900 0 0 0 1000 0 0 0 0 0 0.5 0.5 0.5 0.5 0.5 0.5 0 0 
OB
1000 800 800 0 0 0 1000 0 0 0 0 0 0.5 0.5 0.5 0.5 0.5 0.5 0 0 
OB
1000 900 1550 0 0 0 1000 0 0 0 0 0 0.5 0.5 0.5 0.5 0.5 0.5 0 0 
EB
300 950 1300 0 0 0 300 0 0 0 0 0 0 0 0 0 0 0 0 0 0 
OB
1000 1150 50 0 0 0 1000 0 0 0 0 0 0.5 0.5 0.5 0.5 0.5 0.5 0 0 
OB
1000 1200 100 0 0 0 1000 0 0 0 0 0 0.5 0.5 0.5 0.5 0.5 0.5 0 0 
OB
1000 1300 250 0 0 0 1000 0 0 0 0 0 0.5 0.5 0.5 0.5 0.5 0.5 0 0 
EB
300 1300 1300 0 0 0 300 0 0 0 0 0 0 0 0 0 0 0 0 0 0 
OB
1000 1350 500 0 0 0 1000 0 0 0 0 0 0.5 0.5 0.5 0.5 0.5 0.5 0 0 
OB
1000 1550 300 0 0 0 1000 0 0 0 0 0 0.5 0.5 0.5 0.5 0.5 0.5 0 0 
OB
1000 1550 800 0 0 0 1000 0 0 0 0 0 0.5 0.5 0.5 0.5 0.5 0.5 0 0 
OB
1000 1600 1000 0 0 0 1000 0 0 0 0 0 0.5 0.5 0.5 0.5 0.5 0.5 0 0 
OB
1000 1650 250 0 0 0 1000 0 0 0 0 0 0.5 0.5 0.5 0.5 0.5 0.5 0 0 
OB
1000 1700 0 0 0 0 1000 0 0 0 0 0 0.5 0.5 0.5 0.5 0.5 0.5 0 0 
OB
1000 1700 600 0 0 0 1000 0 0 0 0 0 0.5 0.5 0.5 0.5 0.5 0.5 0 0 
OB
1000 1750 1850 0 0 0 1000 0 0 0 0 0 0.5 0.5 0.5 0.5 0.5 0.5 0 0 
OB
1000 1950 100 0 0 0 1000 0 0 0 0 0 0.5 0.5 0.5 0.5 0.5 0.5 0 0 
OB
1000 1950 1100 0 0 0 1000 0 0 0 0 0 0.5 0.5 0.5 0.5 0.5 0.5 0 0 
CH
10000 1150 850 0 0 0 10000 0 0 0 0 0 0 0 0 0 0 0 0 0 2 4 2 0 -1 
CH
10000 1650 400 0 0 0 10000 0 0 0 0 0 0 0 0 0 0 0 0 0 1 0 -1 
CH
10000 1650 1700 0 0 0 10000 0 0 0 0 0 0 0 0 0 0 0 0 0 3 0 -1 0 -1 0 -1 
CH
10000 300 1600 0 0 0 10000 0 0 0 0 0 0 0 0 0 0 0 0 0 5 1 29 5 3 4 6 4 6 0 -1 
CH
10000 300 750 0 0 0 10000 0 0 0 0 0 0 0 0 0 0 0 0 0 5 0 -1 3 5 0 -1 0 -1 0 -1 
END
MC 0 0
PL
10000 368.5 370 124.645 1.5 1.5 10100 100 0 0 1 0 0 0 0 0 0 0 1 6 0 19 16 6 17 9 18 5 19 6 20 15  0 0 -1 1000 1000 1000 1000 1000 1000 1000 1000 1000 1000 1 1 1 1 0 0 6000 0 1 6000 images/noEquipmentInSlot.png 0 0 0 0 0 0 0 0 0 6000 0 1 6000 images/noEquipmentInSlot.png 0 0 0 0 0 0 0 0 0 6000 0 1 6000 images/noEquipmentInSlot.png 0 0 0 0 0 0 0 3 1 -642734805 

