2
MD

AE
WA
1000 0 1400 0 0 0 1000 0 0 0 0 0 0.5 0.5 0.5 0.5 0.5 0.5 0 0 
WA
1000 0 1450 0 0 0 1000 0 0 0 0 0 0.5 0.5 0.5 0.5 0.5 0.5 0 0 
CW
1000 50 1350 180 0 0 1000 0 0 0 0 0 0.5 0.5 0.5 0.5 0.5 0.5 0 0 
CW
1000 50 1400 0 0 0 1000 0 0 0 0 0 0.5 0.5 0.5 0.5 0.5 0.5 0 0 
CW
1000 100 1300 180 0 0 1000 0 0 0 0 0 0.5 0.5 0.5 0.5 0.5 0.5 0 0 
WA
1000 100 1350 0 0 0 1000 0 0 0 0 0 0.5 0.5 0.5 0.5 0.5 0.5 0 0 
WA
1000 150 1300 0 0 0 1000 0 0 0 0 0 0.5 0.5 0.5 0.5 0.5 0.5 0 0 
CW
1000 150 1350 0 0 0 1000 0 0 0 0 0 0.5 0.5 0.5 0.5 0.5 0.5 0 0 
CW
1000 200 1200 180 0 0 1000 0 0 0 0 0 0.5 0.5 0.5 0.5 0.5 0.5 0 0 
WA
1000 200 1250 0 0 0 1000 0 0 0 0 0 0.5 0.5 0.5 0.5 0.5 0.5 0 0 
CW
1000 200 1300 0 0 0 1000 0 0 0 0 0 0.5 0.5 0.5 0.5 0.5 0.5 0 0 
CW
1000 250 1150 180 0 0 1000 0 0 0 0 0 0.5 0.5 0.5 0.5 0.5 0.5 0 0 
WA
1000 250 1200 0 0 0 1000 0 0 0 0 0 0.5 0.5 0.5 0.5 0.5 0.5 0 0 
CW
1000 250 1250 0 0 0 1000 0 0 0 0 0 0.5 0.5 0.5 0.5 0.5 0.5 0 0 
CW
1000 300 1100 180 0 0 1000 0 0 0 0 0 0.5 0.5 0.5 0.5 0.5 0.5 0 0 
CW
1000 300 1150 0 0 0 1000 0 0 0 0 0 0.5 0.5 0.5 0.5 0.5 0.5 0 0 
CW
1000 350 1050 180 0 0 1000 0 0 0 0 0 0.5 0.5 0.5 0.5 0.5 0.5 0 0 
WA
1000 350 1100 0 0 0 1000 0 0 0 0 0 0.5 0.5 0.5 0.5 0.5 0.5 0 0 
WA
1000 400 1050 0 0 0 1000 0 0 0 0 0 0.5 0.5 0.5 0.5 0.5 0.5 0 0 
CW
1000 400 1100 0 0 0 1000 0 0 0 0 0 0.5 0.5 0.5 0.5 0.5 0.5 0 0 
CW
1000 500 950 180 0 0 1000 0 0 0 0 0 0.5 0.5 0.5 0.5 0.5 0.5 0 0 
CW
1000 500 1000 0 0 0 1000 0 0 0 0 0 0.5 0.5 0.5 0.5 0.5 0.5 0 0 
CW
1000 550 900 180 0 0 1000 0 0 0 0 0 0.5 0.5 0.5 0.5 0.5 0.5 0 0 
WA
1000 550 950 0 0 0 1000 0 0 0 0 0 0.5 0.5 0.5 0.5 0.5 0.5 0 0 
WA
1000 600 900 0 0 0 1000 0 0 0 0 0 0.5 0.5 0.5 0.5 0.5 0.5 0 0 
WA
1000 600 950 0 0 0 1000 0 0 0 0 0 0.5 0.5 0.5 0.5 0.5 0.5 0 0 
WA
1000 650 900 0 0 0 1000 0 0 0 0 0 0.5 0.5 0.5 0.5 0.5 0.5 0 0 
WA
1000 650 950 0 0 0 1000 0 0 0 0 0 0.5 0.5 0.5 0.5 0.5 0.5 0 0 
WA
1000 700 900 0 0 0 1000 0 0 0 0 0 0.5 0.5 0.5 0.5 0.5 0.5 0 0 
WA
1000 700 950 0 0 0 1000 0 0 0 0 0 0.5 0.5 0.5 0.5 0.5 0.5 0 0 
WA
1000 750 900 0 0 0 1000 0 0 0 0 0 0.5 0.5 0.5 0.5 0.5 0.5 0 0 
WA
1000 750 950 0 0 0 1000 0 0 0 0 0 0.5 0.5 0.5 0.5 0.5 0.5 0 0 
WA
1000 800 900 0 0 0 1000 0 0 0 0 0 0.5 0.5 0.5 0.5 0.5 0.5 0 0 
WA
1000 800 950 0 0 0 1000 0 0 0 0 0 0.5 0.5 0.5 0.5 0.5 0.5 0 0 
WA
1000 850 900 0 0 0 1000 0 0 0 0 0 0.5 0.5 0.5 0.5 0.5 0.5 0 0 
WA
1000 850 950 0 0 0 1000 0 0 0 0 0 0.5 0.5 0.5 0.5 0.5 0.5 0 0 
CW
1000 850 1000 90 0 0 1000 0 0 0 0 0 0.5 0.5 0.5 0.5 0.5 0.5 0 0 
WA
1000 900 900 0 0 0 1000 0 0 0 0 0 0.5 0.5 0.5 0.5 0.5 0.5 0 0 
WA
1000 900 950 0 0 0 1000 0 0 0 0 0 0.5 0.5 0.5 0.5 0.5 0.5 0 0 
WA
1000 900 1000 0 0 0 1000 0 0 0 0 0 0.5 0.5 0.5 0.5 0.5 0.5 0 0 
CW
1000 900 1050 90 0 0 1000 0 0 0 0 0 0.5 0.5 0.5 0.5 0.5 0.5 0 0 
CW
1000 950 850 180 0 0 1000 0 0 0 0 0 0.5 0.5 0.5 0.5 0.5 0.5 0 0 
WA
1000 950 900 0 0 0 1000 0 0 0 0 0 0.5 0.5 0.5 0.5 0.5 0.5 0 0 
WA
1000 950 950 0 0 0 1000 0 0 0 0 0 0.5 0.5 0.5 0.5 0.5 0.5 0 0 
WA
1000 950 1000 0 0 0 1000 0 0 0 0 0 0.5 0.5 0.5 0.5 0.5 0.5 0 0 
WA
1000 950 1050 0 0 0 1000 0 0 0 0 0 0.5 0.5 0.5 0.5 0.5 0.5 0 0 
WA
1000 950 1150 0 0 0 1000 0 0 0 0 0 0.5 0.5 0.5 0.5 0.5 0.5 0 0 
CW
1000 950 1200 90 0 0 1000 0 0 0 0 0 0.5 0.5 0.5 0.5 0.5 0.5 0 0 
CW
1000 950 1850 180 0 0 1000 0 0 0 0 0 0.5 0.5 0.5 0.5 0.5 0.5 0 0 
WA
1000 950 1900 0 0 0 1000 0 0 0 0 0 0.5 0.5 0.5 0.5 0.5 0.5 0 0 
WA
1000 950 1950 0 0 0 1000 0 0 0 0 0 0.5 0.5 0.5 0.5 0.5 0.5 0 0 
CW
1000 1000 750 180 0 0 1000 0 0 0 0 0 0.5 0.5 0.5 0.5 0.5 0.5 0 0 
WA
1000 1000 800 0 0 0 1000 0 0 0 0 0 0.5 0.5 0.5 0.5 0.5 0.5 0 0 
WA
1000 1000 850 0 0 0 1000 0 0 0 0 0 0.5 0.5 0.5 0.5 0.5 0.5 0 0 
WA
1000 1000 900 0 0 0 1000 0 0 0 0 0 0.5 0.5 0.5 0.5 0.5 0.5 0 0 
WA
1000 1000 950 0 0 0 1000 0 0 0 0 0 0.5 0.5 0.5 0.5 0.5 0.5 0 0 
WA
1000 1000 1150 0 0 0 1000 0 0 0 0 0 0.5 0.5 0.5 0.5 0.5 0.5 0 0 
WA
1000 1000 1200 0 0 0 1000 0 0 0 0 0 0.5 0.5 0.5 0.5 0.5 0.5 0 0 
WA
1000 1000 1250 0 0 0 1000 0 0 0 0 0 0.5 0.5 0.5 0.5 0.5 0.5 0 0 
WA
1000 1000 1300 0 0 0 1000 0 0 0 0 0 0.5 0.5 0.5 0.5 0.5 0.5 0 0 
CW
1000 1000 1350 90 0 0 1000 0 0 0 0 0 0.5 0.5 0.5 0.5 0.5 0.5 0 0 
WA
1000 1000 1800 0 0 0 1000 0 0 0 0 0 0.5 0.5 0.5 0.5 0.5 0.5 0 0 
WA
1000 1000 1850 0 0 0 1000 0 0 0 0 0 0.5 0.5 0.5 0.5 0.5 0.5 0 0 
WA
1000 1000 1900 0 0 0 1000 0 0 0 0 0 0.5 0.5 0.5 0.5 0.5 0.5 0 0 
WA
1000 1000 1950 0 0 0 1000 0 0 0 0 0 0.5 0.5 0.5 0.5 0.5 0.5 0 0 
CW
1000 1050 550 180 0 0 1000 0 0 0 0 0 0.5 0.5 0.5 0.5 0.5 0.5 0 0 
WA
1000 1050 600 0 0 0 1000 0 0 0 0 0 0.5 0.5 0.5 0.5 0.5 0.5 0 0 
WA
1000 1050 650 0 0 0 1000 0 0 0 0 0 0.5 0.5 0.5 0.5 0.5 0.5 0 0 
WA
1000 1050 700 0 0 0 1000 0 0 0 0 0 0.5 0.5 0.5 0.5 0.5 0.5 0 0 
WA
1000 1050 750 0 0 0 1000 0 0 0 0 0 0.5 0.5 0.5 0.5 0.5 0.5 0 0 
WA
1000 1050 800 0 0 0 1000 0 0 0 0 0 0.5 0.5 0.5 0.5 0.5 0.5 0 0 
WA
1000 1050 850 0 0 0 1000 0 0 0 0 0 0.5 0.5 0.5 0.5 0.5 0.5 0 0 
WA
1000 1050 900 0 0 0 1000 0 0 0 0 0 0.5 0.5 0.5 0.5 0.5 0.5 0 0 
WA
1000 1050 950 0 0 0 1000 0 0 0 0 0 0.5 0.5 0.5 0.5 0.5 0.5 0 0 
CW
1000 1050 1250 270 0 0 1000 0 0 0 0 0 0.5 0.5 0.5 0.5 0.5 0.5 0 0 
WA
1000 1050 1300 0 0 0 1000 0 0 0 0 0 0.5 0.5 0.5 0.5 0.5 0.5 0 0 
WA
1000 1050 1350 0 0 0 1000 0 0 0 0 0 0.5 0.5 0.5 0.5 0.5 0.5 0 0 
WA
1000 1050 1400 0 0 0 1000 0 0 0 0 0 0.5 0.5 0.5 0.5 0.5 0.5 0 0 
WA
1000 1050 1450 0 0 0 1000 0 0 0 0 0 0.5 0.5 0.5 0.5 0.5 0.5 0 0 
WA
1000 1050 1500 0 0 0 1000 0 0 0 0 0 0.5 0.5 0.5 0.5 0.5 0.5 0 0 
WA
1000 1050 1550 0 0 0 1000 0 0 0 0 0 0.5 0.5 0.5 0.5 0.5 0.5 0 0 
WA
1000 1050 1600 0 0 0 1000 0 0 0 0 0 0.5 0.5 0.5 0.5 0.5 0.5 0 0 
WA
1000 1050 1650 0 0 0 1000 0 0 0 0 0 0.5 0.5 0.5 0.5 0.5 0.5 0 0 
WA
1000 1050 1700 0 0 0 1000 0 0 0 0 0 0.5 0.5 0.5 0.5 0.5 0.5 0 0 
CW
1000 1050 1800 0 0 0 1000 0 0 0 0 0 0.5 0.5 0.5 0.5 0.5 0.5 0 0 
CW
1000 1100 150 180 0 0 1000 0 0 0 0 0 0.5 0.5 0.5 0.5 0.5 0.5 0 0 
WA
1000 1100 200 0 0 0 1000 0 0 0 0 0 0.5 0.5 0.5 0.5 0.5 0.5 0 0 
WA
1000 1100 250 0 0 0 1000 0 0 0 0 0 0.5 0.5 0.5 0.5 0.5 0.5 0 0 
WA
1000 1100 300 0 0 0 1000 0 0 0 0 0 0.5 0.5 0.5 0.5 0.5 0.5 0 0 
WA
1000 1100 350 0 0 0 1000 0 0 0 0 0 0.5 0.5 0.5 0.5 0.5 0.5 0 0 
WA
1000 1100 400 0 0 0 1000 0 0 0 0 0 0.5 0.5 0.5 0.5 0.5 0.5 0 0 
WA
1000 1100 450 0 0 0 1000 0 0 0 0 0 0.5 0.5 0.5 0.5 0.5 0.5 0 0 
WA
1000 1100 500 0 0 0 1000 0 0 0 0 0 0.5 0.5 0.5 0.5 0.5 0.5 0 0 
WA
1000 1100 550 0 0 0 1000 0 0 0 0 0 0.5 0.5 0.5 0.5 0.5 0.5 0 0 
WA
1000 1100 600 0 0 0 1000 0 0 0 0 0 0.5 0.5 0.5 0.5 0.5 0.5 0 0 
WA
1000 1100 650 0 0 0 1000 0 0 0 0 0 0.5 0.5 0.5 0.5 0.5 0.5 0 0 
CW
1000 1100 700 0 0 0 1000 0 0 0 0 0 0.5 0.5 0.5 0.5 0.5 0.5 0 0 
WA
1000 1100 900 0 0 0 1000 0 0 0 0 0 0.5 0.5 0.5 0.5 0.5 0.5 0 0 
WA
1000 1100 950 0 0 0 1000 0 0 0 0 0 0.5 0.5 0.5 0.5 0.5 0.5 0 0 
CW
1000 1100 1400 270 0 0 1000 0 0 0 0 0 0.5 0.5 0.5 0.5 0.5 0.5 0 0 
WA
1000 1100 1450 0 0 0 1000 0 0 0 0 0 0.5 0.5 0.5 0.5 0.5 0.5 0 0 
WA
1000 1100 1500 0 0 0 1000 0 0 0 0 0 0.5 0.5 0.5 0.5 0.5 0.5 0 0 
WA
1000 1100 1550 0 0 0 1000 0 0 0 0 0 0.5 0.5 0.5 0.5 0.5 0.5 0 0 
WA
1000 1100 1600 0 0 0 1000 0 0 0 0 0 0.5 0.5 0.5 0.5 0.5 0.5 0 0 
WA
1000 1100 1650 0 0 0 1000 0 0 0 0 0 0.5 0.5 0.5 0.5 0.5 0.5 0 0 
CW
1000 1100 1700 0 0 0 1000 0 0 0 0 0 0.5 0.5 0.5 0.5 0.5 0.5 0 0 
WA
1000 1150 0 0 0 0 1000 0 0 0 0 0 0.5 0.5 0.5 0.5 0.5 0.5 0 0 
WA
1000 1150 50 0 0 0 1000 0 0 0 0 0 0.5 0.5 0.5 0.5 0.5 0.5 0 0 
WA
1000 1150 100 0 0 0 1000 0 0 0 0 0 0.5 0.5 0.5 0.5 0.5 0.5 0 0 
WA
1000 1150 150 0 0 0 1000 0 0 0 0 0 0.5 0.5 0.5 0.5 0.5 0.5 0 0 
WA
1000 1150 200 0 0 0 1000 0 0 0 0 0 0.5 0.5 0.5 0.5 0.5 0.5 0 0 
WA
1000 1150 250 0 0 0 1000 0 0 0 0 0 0.5 0.5 0.5 0.5 0.5 0.5 0 0 
WA
1000 1150 300 0 0 0 1000 0 0 0 0 0 0.5 0.5 0.5 0.5 0.5 0.5 0 0 
WA
1000 1150 350 0 0 0 1000 0 0 0 0 0 0.5 0.5 0.5 0.5 0.5 0.5 0 0 
WA
1000 1150 400 0 0 0 1000 0 0 0 0 0 0.5 0.5 0.5 0.5 0.5 0.5 0 0 
WA
1000 1150 450 0 0 0 1000 0 0 0 0 0 0.5 0.5 0.5 0.5 0.5 0.5 0 0 
CW
1000 1150 500 0 0 0 1000 0 0 0 0 0 0.5 0.5 0.5 0.5 0.5 0.5 0 0 
CW
1000 1150 900 270 0 0 1000 0 0 0 0 0 0.5 0.5 0.5 0.5 0.5 0.5 0 0 
WA
1000 1150 950 0 0 0 1000 0 0 0 0 0 0.5 0.5 0.5 0.5 0.5 0.5 0 0 
WA
1000 1200 0 0 0 0 1000 0 0 0 0 0 0.5 0.5 0.5 0.5 0.5 0.5 0 0 
WA
1000 1200 50 0 0 0 1000 0 0 0 0 0 0.5 0.5 0.5 0.5 0.5 0.5 0 0 
CW
1000 1200 100 0 0 0 1000 0 0 0 0 0 0.5 0.5 0.5 0.5 0.5 0.5 0 0 
WA
1000 1200 950 0 0 0 1000 0 0 0 0 0 0.5 0.5 0.5 0.5 0.5 0.5 0 0 
CW
1000 1200 1000 90 0 0 1000 0 0 0 0 0 0.5 0.5 0.5 0.5 0.5 0.5 0 0 
WA
1000 1300 950 0 0 0 1000 0 0 0 0 0 0.5 0.5 0.5 0.5 0.5 0.5 0 0 
WA
1000 1300 1000 0 0 0 1000 0 0 0 0 0 0.5 0.5 0.5 0.5 0.5 0.5 0 0 
WA
1000 1350 950 0 0 0 1000 0 0 0 0 0 0.5 0.5 0.5 0.5 0.5 0.5 0 0 
WA
1000 1350 1000 0 0 0 1000 0 0 0 0 0 0.5 0.5 0.5 0.5 0.5 0.5 0 0 
CW
1000 1400 950 270 0 0 1000 0 0 0 0 0 0.5 0.5 0.5 0.5 0.5 0.5 0 0 
WA
1000 1400 1000 0 0 0 1000 0 0 0 0 0 0.5 0.5 0.5 0.5 0.5 0.5 0 0 
WA
1000 1450 1000 0 0 0 1000 0 0 0 0 0 0.5 0.5 0.5 0.5 0.5 0.5 0 0 
CW
1000 1450 1050 90 0 0 1000 0 0 0 0 0 0.5 0.5 0.5 0.5 0.5 0.5 0 0 
WA
1000 1500 1000 0 0 0 1000 0 0 0 0 0 0.5 0.5 0.5 0.5 0.5 0.5 0 0 
WA
1000 1500 1050 0 0 0 1000 0 0 0 0 0 0.5 0.5 0.5 0.5 0.5 0.5 0 0 
WA
1000 1550 1000 0 0 0 1000 0 0 0 0 0 0.5 0.5 0.5 0.5 0.5 0.5 0 0 
WA
1000 1550 1050 0 0 0 1000 0 0 0 0 0 0.5 0.5 0.5 0.5 0.5 0.5 0 0 
WA
1000 1600 1000 0 0 0 1000 0 0 0 0 0 0.5 0.5 0.5 0.5 0.5 0.5 0 0 
WA
1000 1600 1050 0 0 0 1000 0 0 0 0 0 0.5 0.5 0.5 0.5 0.5 0.5 0 0 
CW
1000 1650 1000 270 0 0 1000 0 0 0 0 0 0.5 0.5 0.5 0.5 0.5 0.5 0 0 
WA
1000 1650 1050 0 0 0 1000 0 0 0 0 0 0.5 0.5 0.5 0.5 0.5 0.5 0 0 
WA
1000 1700 1050 0 0 0 1000 0 0 0 0 0 0.5 0.5 0.5 0.5 0.5 0.5 0 0 
CW
1000 1700 1100 90 0 0 1000 0 0 0 0 0 0.5 0.5 0.5 0.5 0.5 0.5 0 0 
WA
1000 1750 1050 0 0 0 1000 0 0 0 0 0 0.5 0.5 0.5 0.5 0.5 0.5 0 0 
WA
1000 1750 1100 0 0 0 1000 0 0 0 0 0 0.5 0.5 0.5 0.5 0.5 0.5 0 0 
CW
1000 1800 1050 270 0 0 1000 0 0 0 0 0 0.5 0.5 0.5 0.5 0.5 0.5 0 0 
WA
1000 1800 1100 0 0 0 1000 0 0 0 0 0 0.5 0.5 0.5 0.5 0.5 0.5 0 0 
WA
1000 1850 1100 0 0 0 1000 0 0 0 0 0 0.5 0.5 0.5 0.5 0.5 0.5 0 0 
CW
1000 1850 1150 90 0 0 1000 0 0 0 0 0 0.5 0.5 0.5 0.5 0.5 0.5 0 0 
WA
1000 1900 1100 0 0 0 1000 0 0 0 0 0 0.5 0.5 0.5 0.5 0.5 0.5 0 0 
WA
1000 1900 1150 0 0 0 1000 0 0 0 0 0 0.5 0.5 0.5 0.5 0.5 0.5 0 0 
WA
1000 1950 1100 0 0 0 1000 0 0 0 0 0 0.5 0.5 0.5 0.5 0.5 0.5 0 0 
WA
1000 1950 1150 0 0 0 1000 0 0 0 0 0 0.5 0.5 0.5 0.5 0.5 0.5 0 0 
OD
1000 450 1025 0 0 0 1000 0 0 0 0 0 0.5 0.5 0.5 0.5 0.5 0.5 0 0 1 0 
OD
1000 975 1100 0 0 0 1000 0 0 0 0 0 0.5 0.5 0.5 0.5 0.5 0.5 0 0 1 1 
OD
1000 1025 1750 0 0 0 1000 0 0 0 0 0 0.5 0.5 0.5 0.5 0.5 0.5 0 0 1 1 
OD
1000 1250 975 0 0 0 1000 0 0 0 0 0 0.5 0.5 0.5 0.5 0.5 0.5 0 0 1 0 
OB
1000 0 1850 0 0 0 1000 0 0 0 0 0 0.5 0.5 0.5 0.5 0.5 0.5 0 0 
EB
300 50 450 0 0 0 300 0 0 0 0 0 0 0 0 0 0 0 0 0 0 
OB
1000 50 750 0 0 0 1000 0 0 0 0 0 0.5 0.5 0.5 0.5 0.5 0.5 0 0 
OB
1000 50 950 0 0 0 1000 0 0 0 0 0 0.5 0.5 0.5 0.5 0.5 0.5 0 0 
EB
300 100 1850 0 0 0 300 0 0 0 0 0 0 0 0 0 0 0 0 0 0 
EB
300 100 1900 0 0 0 300 0 0 0 0 0 0 0 0 0 0 0 0 0 0 
EB
300 150 300 0 0 0 300 0 0 0 0 0 0 0 0 0 0 0 0 0 0 
OB
1000 150 1250 0 0 0 1000 0 0 0 0 0 0.5 0.5 0.5 0.5 0.5 0.5 0 0 
OB
1000 250 1350 0 0 0 1000 0 0 0 0 0 0.5 0.5 0.5 0.5 0.5 0.5 0 0 
OB
1000 450 700 0 0 0 1000 0 0 0 0 0 0.5 0.5 0.5 0.5 0.5 0.5 0 0 
OB
1000 500 700 0 0 0 1000 0 0 0 0 0 0.5 0.5 0.5 0.5 0.5 0.5 0 0 
OB
1000 600 1000 0 0 0 1000 0 0 0 0 0 0.5 0.5 0.5 0.5 0.5 0.5 0 0 
EB
300 650 1250 0 0 0 300 0 0 0 0 0 0 0 0 0 0 0 0 0 0 
OB
1000 700 850 0 0 0 1000 0 0 0 0 0 0.5 0.5 0.5 0.5 0.5 0.5 0 0 
OB
1000 750 1200 0 0 0 1000 0 0 0 0 0 0.5 0.5 0.5 0.5 0.5 0.5 0 0 
OB
1000 750 1650 0 0 0 1000 0 0 0 0 0 0.5 0.5 0.5 0.5 0.5 0.5 0 0 
OB
1000 900 1500 0 0 0 1000 0 0 0 0 0 0.5 0.5 0.5 0.5 0.5 0.5 0 0 
EB
300 950 100 0 0 0 300 0 0 0 0 0 0 0 0 0 0 0 0 0 0 
OB
1000 1000 1050 0 0 0 1000 0 0 0 0 0 0.5 0.5 0.5 0.5 0.5 0.5 0 0 
OB
1000 1150 1500 0 0 0 1000 0 0 0 0 0 0.5 0.5 0.5 0.5 0.5 0.5 0 0 
EB
300 1250 350 0 0 0 300 0 0 0 0 0 0 0 0 0 0 0 0 0 0 
OB
1000 1250 1450 0 0 0 1000 0 0 0 0 0 0.5 0.5 0.5 0.5 0.5 0.5 0 0 
OB
1000 1350 1150 0 0 0 1000 0 0 0 0 0 0.5 0.5 0.5 0.5 0.5 0.5 0 0 
OB
1000 1450 0 0 0 0 1000 0 0 0 0 0 0.5 0.5 0.5 0.5 0.5 0.5 0 0 
OB
1000 1450 1350 0 0 0 1000 0 0 0 0 0 0.5 0.5 0.5 0.5 0.5 0.5 0 0 
OB
1000 1500 150 0 0 0 1000 0 0 0 0 0 0.5 0.5 0.5 0.5 0.5 0.5 0 0 
EB
300 1500 900 0 0 0 300 0 0 0 0 0 0 0 0 0 0 0 0 0 0 
OB
1000 1500 1350 0 0 0 1000 0 0 0 0 0 0.5 0.5 0.5 0.5 0.5 0.5 0 0 
EB
300 1600 450 0 0 0 300 0 0 0 0 0 0 0 0 0 0 0 0 0 0 
EB
300 1600 600 0 0 0 300 0 0 0 0 0 0 0 0 0 0 0 0 0 0 
OB
1000 1750 250 0 0 0 1000 0 0 0 0 0 0.5 0.5 0.5 0.5 0.5 0.5 0 0 
OB
1000 1800 300 0 0 0 1000 0 0 0 0 0 0.5 0.5 0.5 0.5 0.5 0.5 0 0 
CH
10000 600 600 0 0 0 10000 0 0 0 0 0 0 0 0 0 0 0 0 0 4 1 3 0 -1 2 5 0 -1 
CH
10000 600 500 0 0 0 10000 0 0 0 0 0 0 0 0 0 0 0 0 0 3 1 11 5 2 0 -1 
CH
10000 1000 1500 0 0 0 10000 0 0 0 0 0 0 0 0 0 0 0 0 0 5 0 -1 5 1 4 3 0 -1 4 7 
CH
10000 1550 1300 0 0 0 10000 0 0 0 0 0 0 0 0 0 0 0 0 0 2 0 -1 1 5 
CH
10000 1200 1650 0 0 0 10000 0 0 0 0 0 0 0 0 0 0 0 0 0 3 5 2 0 -1 0 -1 
LO
1 500 500 0 0 0 1 0 0 0 0 0 0 0 0 0 0 0 0 0 1 
END
MD

AE
WA
1000 0 200 0 0 0 1000 0 0 0 0 0 0.5 0.5 0.5 0.5 0.5 0.5 0 0 
WA
1000 0 250 0 0 0 1000 0 0 0 0 0 0.5 0.5 0.5 0.5 0.5 0.5 0 0 
WA
1000 100 200 0 0 0 1000 0 0 0 0 0 0.5 0.5 0.5 0.5 0.5 0.5 0 0 
CW
1000 100 250 0 0 0 1000 0 0 0 0 0 0.5 0.5 0.5 0.5 0.5 0.5 0 0 
CW
1000 100 750 180 0 0 1000 0 0 0 0 0 0.5 0.5 0.5 0.5 0.5 0.5 0 0 
WA
1000 100 850 0 0 0 1000 0 0 0 0 0 0.5 0.5 0.5 0.5 0.5 0.5 0 0 
WA
1000 100 900 0 0 0 1000 0 0 0 0 0 0.5 0.5 0.5 0.5 0.5 0.5 0 0 
WA
1000 100 950 0 0 0 1000 0 0 0 0 0 0.5 0.5 0.5 0.5 0.5 0.5 0 0 
CW
1000 100 1000 90 0 0 1000 0 0 0 0 0 0.5 0.5 0.5 0.5 0.5 0.5 0 0 
CW
1000 150 150 180 0 0 1000 0 0 0 0 0 0.5 0.5 0.5 0.5 0.5 0.5 0 0 
WA
1000 150 200 0 0 0 1000 0 0 0 0 0 0.5 0.5 0.5 0.5 0.5 0.5 0 0 
CW
1000 150 750 0 0 0 1000 0 0 0 0 0 0.5 0.5 0.5 0.5 0.5 0.5 0 0 
CW
1000 150 950 270 0 0 1000 0 0 0 0 0 0.5 0.5 0.5 0.5 0.5 0.5 0 0 
WA
1000 150 1000 0 0 0 1000 0 0 0 0 0 0.5 0.5 0.5 0.5 0.5 0.5 0 0 
WA
1000 150 1050 0 0 0 1000 0 0 0 0 0 0.5 0.5 0.5 0.5 0.5 0.5 0 0 
WA
1000 150 1100 0 0 0 1000 0 0 0 0 0 0.5 0.5 0.5 0.5 0.5 0.5 0 0 
CW
1000 150 1150 90 0 0 1000 0 0 0 0 0 0.5 0.5 0.5 0.5 0.5 0.5 0 0 
CW
1000 150 1400 180 0 0 1000 0 0 0 0 0 0.5 0.5 0.5 0.5 0.5 0.5 0 0 
CW
1000 150 1450 90 0 0 1000 0 0 0 0 0 0.5 0.5 0.5 0.5 0.5 0.5 0 0 
WA
1000 200 100 0 0 0 1000 0 0 0 0 0 0.5 0.5 0.5 0.5 0.5 0.5 0 0 
WA
1000 200 150 0 0 0 1000 0 0 0 0 0 0.5 0.5 0.5 0.5 0.5 0.5 0 0 
WA
1000 200 200 0 0 0 1000 0 0 0 0 0 0.5 0.5 0.5 0.5 0.5 0.5 0 0 
CW
1000 200 650 180 0 0 1000 0 0 0 0 0 0.5 0.5 0.5 0.5 0.5 0.5 0 0 
CW
1000 200 1050 270 0 0 1000 0 0 0 0 0 0.5 0.5 0.5 0.5 0.5 0.5 0 0 
WA
1000 200 1100 0 0 0 1000 0 0 0 0 0 0.5 0.5 0.5 0.5 0.5 0.5 0 0 
WA
1000 200 1150 0 0 0 1000 0 0 0 0 0 0.5 0.5 0.5 0.5 0.5 0.5 0 0 
WA
1000 200 1200 0 0 0 1000 0 0 0 0 0 0.5 0.5 0.5 0.5 0.5 0.5 0 0 
WA
1000 200 1250 0 0 0 1000 0 0 0 0 0 0.5 0.5 0.5 0.5 0.5 0.5 0 0 
WA
1000 200 1300 0 0 0 1000 0 0 0 0 0 0.5 0.5 0.5 0.5 0.5 0.5 0 0 
WA
1000 200 1350 0 0 0 1000 0 0 0 0 0 0.5 0.5 0.5 0.5 0.5 0.5 0 0 
WA
1000 200 1400 0 0 0 1000 0 0 0 0 0 0.5 0.5 0.5 0.5 0.5 0.5 0 0 
WA
1000 200 1450 0 0 0 1000 0 0 0 0 0 0.5 0.5 0.5 0.5 0.5 0.5 0 0 
WA
1000 200 1500 0 0 0 1000 0 0 0 0 0 0.5 0.5 0.5 0.5 0.5 0.5 0 0 
CW
1000 200 1550 90 0 0 1000 0 0 0 0 0 0.5 0.5 0.5 0.5 0.5 0.5 0 0 
WA
1000 250 150 0 0 0 1000 0 0 0 0 0 0.5 0.5 0.5 0.5 0.5 0.5 0 0 
WA
1000 250 200 0 0 0 1000 0 0 0 0 0 0.5 0.5 0.5 0.5 0.5 0.5 0 0 
CW
1000 250 600 180 0 0 1000 0 0 0 0 0 0.5 0.5 0.5 0.5 0.5 0.5 0 0 
WA
1000 250 650 0 0 0 1000 0 0 0 0 0 0.5 0.5 0.5 0.5 0.5 0.5 0 0 
CW
1000 250 1200 270 0 0 1000 0 0 0 0 0 0.5 0.5 0.5 0.5 0.5 0.5 0 0 
WA
1000 250 1250 0 0 0 1000 0 0 0 0 0 0.5 0.5 0.5 0.5 0.5 0.5 0 0 
WA
1000 250 1300 0 0 0 1000 0 0 0 0 0 0.5 0.5 0.5 0.5 0.5 0.5 0 0 
CW
1000 250 1350 0 0 0 1000 0 0 0 0 0 0.5 0.5 0.5 0.5 0.5 0.5 0 0 
CW
1000 250 1500 270 0 0 1000 0 0 0 0 0 0.5 0.5 0.5 0.5 0.5 0.5 0 0 
WA
1000 250 1550 0 0 0 1000 0 0 0 0 0 0.5 0.5 0.5 0.5 0.5 0.5 0 0 
CW
1000 250 1600 90 0 0 1000 0 0 0 0 0 0.5 0.5 0.5 0.5 0.5 0.5 0 0 
WA
1000 300 150 0 0 0 1000 0 0 0 0 0 0.5 0.5 0.5 0.5 0.5 0.5 0 0 
WA
1000 300 200 0 0 0 1000 0 0 0 0 0 0.5 0.5 0.5 0.5 0.5 0.5 0 0 
WA
1000 300 600 0 0 0 1000 0 0 0 0 0 0.5 0.5 0.5 0.5 0.5 0.5 0 0 
CW
1000 300 650 0 0 0 1000 0 0 0 0 0 0.5 0.5 0.5 0.5 0.5 0.5 0 0 
WA
1000 300 1600 0 0 0 1000 0 0 0 0 0 0.5 0.5 0.5 0.5 0.5 0.5 0 0 
CW
1000 300 1650 90 0 0 1000 0 0 0 0 0 0.5 0.5 0.5 0.5 0.5 0.5 0 0 
WA
1000 350 150 0 0 0 1000 0 0 0 0 0 0.5 0.5 0.5 0.5 0.5 0.5 0 0 
WA
1000 350 200 0 0 0 1000 0 0 0 0 0 0.5 0.5 0.5 0.5 0.5 0.5 0 0 
CW
1000 350 550 180 0 0 1000 0 0 0 0 0 0.5 0.5 0.5 0.5 0.5 0.5 0 0 
WA
1000 350 600 0 0 0 1000 0 0 0 0 0 0.5 0.5 0.5 0.5 0.5 0.5 0 0 
WA
1000 350 1350 0 0 0 1000 0 0 0 0 0 0.5 0.5 0.5 0.5 0.5 0.5 0 0 
WA
1000 350 1600 0 0 0 1000 0 0 0 0 0 0.5 0.5 0.5 0.5 0.5 0.5 0 0 
WA
1000 350 1650 0 0 0 1000 0 0 0 0 0 0.5 0.5 0.5 0.5 0.5 0.5 0 0 
WA
1000 400 550 0 0 0 1000 0 0 0 0 0 0.5 0.5 0.5 0.5 0.5 0.5 0 0 
CW
1000 400 600 0 0 0 1000 0 0 0 0 0 0.5 0.5 0.5 0.5 0.5 0.5 0 0 
CW
1000 400 1300 180 0 0 1000 0 0 0 0 0 0.5 0.5 0.5 0.5 0.5 0.5 0 0 
WA
1000 400 1350 0 0 0 1000 0 0 0 0 0 0.5 0.5 0.5 0.5 0.5 0.5 0 0 
CW
1000 400 1400 90 0 0 1000 0 0 0 0 0 0.5 0.5 0.5 0.5 0.5 0.5 0 0 
WA
1000 400 1600 0 0 0 1000 0 0 0 0 0 0.5 0.5 0.5 0.5 0.5 0.5 0 0 
WA
1000 400 1650 0 0 0 1000 0 0 0 0 0 0.5 0.5 0.5 0.5 0.5 0.5 0 0 
WA
1000 450 150 0 0 0 1000 0 0 0 0 0 0.5 0.5 0.5 0.5 0.5 0.5 0 0 
WA
1000 450 200 0 0 0 1000 0 0 0 0 0 0.5 0.5 0.5 0.5 0.5 0.5 0 0 
CW
1000 450 500 180 0 0 1000 0 0 0 0 0 0.5 0.5 0.5 0.5 0.5 0.5 0 0 
WA
1000 450 550 0 0 0 1000 0 0 0 0 0 0.5 0.5 0.5 0.5 0.5 0.5 0 0 
CW
1000 450 1250 180 0 0 1000 0 0 0 0 0 0.5 0.5 0.5 0.5 0.5 0.5 0 0 
WA
1000 450 1300 0 0 0 1000 0 0 0 0 0 0.5 0.5 0.5 0.5 0.5 0.5 0 0 
WA
1000 450 1350 0 0 0 1000 0 0 0 0 0 0.5 0.5 0.5 0.5 0.5 0.5 0 0 
WA
1000 450 1400 0 0 0 1000 0 0 0 0 0 0.5 0.5 0.5 0.5 0.5 0.5 0 0 
WA
1000 450 1450 0 0 0 1000 0 0 0 0 0 0.5 0.5 0.5 0.5 0.5 0.5 0 0 
WA
1000 450 1500 0 0 0 1000 0 0 0 0 0 0.5 0.5 0.5 0.5 0.5 0.5 0 0 
WA
1000 450 1550 0 0 0 1000 0 0 0 0 0 0.5 0.5 0.5 0.5 0.5 0.5 0 0 
WA
1000 450 1600 0 0 0 1000 0 0 0 0 0 0.5 0.5 0.5 0.5 0.5 0.5 0 0 
WA
1000 450 1650 0 0 0 1000 0 0 0 0 0 0.5 0.5 0.5 0.5 0.5 0.5 0 0 
WA
1000 500 150 0 0 0 1000 0 0 0 0 0 0.5 0.5 0.5 0.5 0.5 0.5 0 0 
WA
1000 500 200 0 0 0 1000 0 0 0 0 0 0.5 0.5 0.5 0.5 0.5 0.5 0 0 
CW
1000 500 500 270 0 0 1000 0 0 0 0 0 0.5 0.5 0.5 0.5 0.5 0.5 0 0 
WA
1000 500 550 0 0 0 1000 0 0 0 0 0 0.5 0.5 0.5 0.5 0.5 0.5 0 0 
WA
1000 500 1250 0 0 0 1000 0 0 0 0 0 0.5 0.5 0.5 0.5 0.5 0.5 0 0 
CW
1000 500 1300 0 0 0 1000 0 0 0 0 0 0.5 0.5 0.5 0.5 0.5 0.5 0 0 
CW
1000 500 1450 270 0 0 1000 0 0 0 0 0 0.5 0.5 0.5 0.5 0.5 0.5 0 0 
WA
1000 500 1500 0 0 0 1000 0 0 0 0 0 0.5 0.5 0.5 0.5 0.5 0.5 0 0 
WA
1000 500 1550 0 0 0 1000 0 0 0 0 0 0.5 0.5 0.5 0.5 0.5 0.5 0 0 
WA
1000 500 1600 0 0 0 1000 0 0 0 0 0 0.5 0.5 0.5 0.5 0.5 0.5 0 0 
WA
1000 500 1650 0 0 0 1000 0 0 0 0 0 0.5 0.5 0.5 0.5 0.5 0.5 0 0 
WA
1000 550 150 0 0 0 1000 0 0 0 0 0 0.5 0.5 0.5 0.5 0.5 0.5 0 0 
WA
1000 550 200 0 0 0 1000 0 0 0 0 0 0.5 0.5 0.5 0.5 0.5 0.5 0 0 
WA
1000 550 550 0 0 0 1000 0 0 0 0 0 0.5 0.5 0.5 0.5 0.5 0.5 0 0 
CW
1000 550 600 90 0 0 1000 0 0 0 0 0 0.5 0.5 0.5 0.5 0.5 0.5 0 0 
CW
1000 550 1150 180 0 0 1000 0 0 0 0 0 0.5 0.5 0.5 0.5 0.5 0.5 0 0 
WA
1000 550 1200 0 0 0 1000 0 0 0 0 0 0.5 0.5 0.5 0.5 0.5 0.5 0 0 
CW
1000 550 1250 0 0 0 1000 0 0 0 0 0 0.5 0.5 0.5 0.5 0.5 0.5 0 0 
CW
1000 550 1550 270 0 0 1000 0 0 0 0 0 0.5 0.5 0.5 0.5 0.5 0.5 0 0 
WA
1000 550 1600 0 0 0 1000 0 0 0 0 0 0.5 0.5 0.5 0.5 0.5 0.5 0 0 
WA
1000 550 1650 0 0 0 1000 0 0 0 0 0 0.5 0.5 0.5 0.5 0.5 0.5 0 0 
WA
1000 600 150 0 0 0 1000 0 0 0 0 0 0.5 0.5 0.5 0.5 0.5 0.5 0 0 
WA
1000 600 200 0 0 0 1000 0 0 0 0 0 0.5 0.5 0.5 0.5 0.5 0.5 0 0 
WA
1000 600 550 0 0 0 1000 0 0 0 0 0 0.5 0.5 0.5 0.5 0.5 0.5 0 0 
WA
1000 600 600 0 0 0 1000 0 0 0 0 0 0.5 0.5 0.5 0.5 0.5 0.5 0 0 
CW
1000 600 1100 180 0 0 1000 0 0 0 0 0 0.5 0.5 0.5 0.5 0.5 0.5 0 0 
WA
1000 600 1150 0 0 0 1000 0 0 0 0 0 0.5 0.5 0.5 0.5 0.5 0.5 0 0 
CW
1000 600 1200 0 0 0 1000 0 0 0 0 0 0.5 0.5 0.5 0.5 0.5 0.5 0 0 
CW
1000 600 1600 270 0 0 1000 0 0 0 0 0 0.5 0.5 0.5 0.5 0.5 0.5 0 0 
WA
1000 600 1650 0 0 0 1000 0 0 0 0 0 0.5 0.5 0.5 0.5 0.5 0.5 0 0 
CW
1000 600 1700 90 0 0 1000 0 0 0 0 0 0.5 0.5 0.5 0.5 0.5 0.5 0 0 
CW
1000 650 150 270 0 0 1000 0 0 0 0 0 0.5 0.5 0.5 0.5 0.5 0.5 0 0 
WA
1000 650 200 0 0 0 1000 0 0 0 0 0 0.5 0.5 0.5 0.5 0.5 0.5 0 0 
WA
1000 650 550 0 0 0 1000 0 0 0 0 0 0.5 0.5 0.5 0.5 0.5 0.5 0 0 
WA
1000 650 600 0 0 0 1000 0 0 0 0 0 0.5 0.5 0.5 0.5 0.5 0.5 0 0 
CW
1000 650 1650 270 0 0 1000 0 0 0 0 0 0.5 0.5 0.5 0.5 0.5 0.5 0 0 
WA
1000 650 1700 0 0 0 1000 0 0 0 0 0 0.5 0.5 0.5 0.5 0.5 0.5 0 0 
CW
1000 650 1750 90 0 0 1000 0 0 0 0 0 0.5 0.5 0.5 0.5 0.5 0.5 0 0 
CW
1000 700 200 270 0 0 1000 0 0 0 0 0 0.5 0.5 0.5 0.5 0.5 0.5 0 0 
WA
1000 700 250 0 0 0 1000 0 0 0 0 0 0.5 0.5 0.5 0.5 0.5 0.5 0 0 
WA
1000 700 300 0 0 0 1000 0 0 0 0 0 0.5 0.5 0.5 0.5 0.5 0.5 0 0 
WA
1000 700 350 0 0 0 1000 0 0 0 0 0 0.5 0.5 0.5 0.5 0.5 0.5 0 0 
WA
1000 700 400 0 0 0 1000 0 0 0 0 0 0.5 0.5 0.5 0.5 0.5 0.5 0 0 
WA
1000 700 450 0 0 0 1000 0 0 0 0 0 0.5 0.5 0.5 0.5 0.5 0.5 0 0 
WA
1000 700 500 0 0 0 1000 0 0 0 0 0 0.5 0.5 0.5 0.5 0.5 0.5 0 0 
WA
1000 700 550 0 0 0 1000 0 0 0 0 0 0.5 0.5 0.5 0.5 0.5 0.5 0 0 
WA
1000 700 600 0 0 0 1000 0 0 0 0 0 0.5 0.5 0.5 0.5 0.5 0.5 0 0 
CW
1000 700 650 90 0 0 1000 0 0 0 0 0 0.5 0.5 0.5 0.5 0.5 0.5 0 0 
WA
1000 700 1750 0 0 0 1000 0 0 0 0 0 0.5 0.5 0.5 0.5 0.5 0.5 0 0 
CW
1000 700 1800 90 0 0 1000 0 0 0 0 0 0.5 0.5 0.5 0.5 0.5 0.5 0 0 
CW
1000 750 250 270 0 0 1000 0 0 0 0 0 0.5 0.5 0.5 0.5 0.5 0.5 0 0 
WA
1000 750 300 0 0 0 1000 0 0 0 0 0 0.5 0.5 0.5 0.5 0.5 0.5 0 0 
WA
1000 750 350 0 0 0 1000 0 0 0 0 0 0.5 0.5 0.5 0.5 0.5 0.5 0 0 
WA
1000 750 400 0 0 0 1000 0 0 0 0 0 0.5 0.5 0.5 0.5 0.5 0.5 0 0 
WA
1000 750 450 0 0 0 1000 0 0 0 0 0 0.5 0.5 0.5 0.5 0.5 0.5 0 0 
WA
1000 750 500 0 0 0 1000 0 0 0 0 0 0.5 0.5 0.5 0.5 0.5 0.5 0 0 
WA
1000 750 550 0 0 0 1000 0 0 0 0 0 0.5 0.5 0.5 0.5 0.5 0.5 0 0 
WA
1000 750 600 0 0 0 1000 0 0 0 0 0 0.5 0.5 0.5 0.5 0.5 0.5 0 0 
WA
1000 750 650 0 0 0 1000 0 0 0 0 0 0.5 0.5 0.5 0.5 0.5 0.5 0 0 
CW
1000 750 1050 180 0 0 1000 0 0 0 0 0 0.5 0.5 0.5 0.5 0.5 0.5 0 0 
WA
1000 750 1100 0 0 0 1000 0 0 0 0 0 0.5 0.5 0.5 0.5 0.5 0.5 0 0 
WA
1000 750 1750 0 0 0 1000 0 0 0 0 0 0.5 0.5 0.5 0.5 0.5 0.5 0 0 
WA
1000 750 1800 0 0 0 1000 0 0 0 0 0 0.5 0.5 0.5 0.5 0.5 0.5 0 0 
WA
1000 800 450 0 0 0 1000 0 0 0 0 0 0.5 0.5 0.5 0.5 0.5 0.5 0 0 
WA
1000 800 500 0 0 0 1000 0 0 0 0 0 0.5 0.5 0.5 0.5 0.5 0.5 0 0 
WA
1000 800 550 0 0 0 1000 0 0 0 0 0 0.5 0.5 0.5 0.5 0.5 0.5 0 0 
WA
1000 800 600 0 0 0 1000 0 0 0 0 0 0.5 0.5 0.5 0.5 0.5 0.5 0 0 
WA
1000 800 650 0 0 0 1000 0 0 0 0 0 0.5 0.5 0.5 0.5 0.5 0.5 0 0 
WA
1000 800 1050 0 0 0 1000 0 0 0 0 0 0.5 0.5 0.5 0.5 0.5 0.5 0 0 
CW
1000 800 1100 0 0 0 1000 0 0 0 0 0 0.5 0.5 0.5 0.5 0.5 0.5 0 0 
CW
1000 800 1750 270 0 0 1000 0 0 0 0 0 0.5 0.5 0.5 0.5 0.5 0.5 0 0 
WA
1000 800 1800 0 0 0 1000 0 0 0 0 0 0.5 0.5 0.5 0.5 0.5 0.5 0 0 
WA
1000 850 450 0 0 0 1000 0 0 0 0 0 0.5 0.5 0.5 0.5 0.5 0.5 0 0 
WA
1000 850 500 0 0 0 1000 0 0 0 0 0 0.5 0.5 0.5 0.5 0.5 0.5 0 0 
WA
1000 850 550 0 0 0 1000 0 0 0 0 0 0.5 0.5 0.5 0.5 0.5 0.5 0 0 
WA
1000 850 600 0 0 0 1000 0 0 0 0 0 0.5 0.5 0.5 0.5 0.5 0.5 0 0 
WA
1000 850 650 0 0 0 1000 0 0 0 0 0 0.5 0.5 0.5 0.5 0.5 0.5 0 0 
WA
1000 850 1800 0 0 0 1000 0 0 0 0 0 0.5 0.5 0.5 0.5 0.5 0.5 0 0 
CW
1000 850 1850 90 0 0 1000 0 0 0 0 0 0.5 0.5 0.5 0.5 0.5 0.5 0 0 
WA
1000 900 450 0 0 0 1000 0 0 0 0 0 0.5 0.5 0.5 0.5 0.5 0.5 0 0 
WA
1000 900 500 0 0 0 1000 0 0 0 0 0 0.5 0.5 0.5 0.5 0.5 0.5 0 0 
WA
1000 900 550 0 0 0 1000 0 0 0 0 0 0.5 0.5 0.5 0.5 0.5 0.5 0 0 
WA
1000 900 600 0 0 0 1000 0 0 0 0 0 0.5 0.5 0.5 0.5 0.5 0.5 0 0 
WA
1000 900 650 0 0 0 1000 0 0 0 0 0 0.5 0.5 0.5 0.5 0.5 0.5 0 0 
CW
1000 900 700 90 0 0 1000 0 0 0 0 0 0.5 0.5 0.5 0.5 0.5 0.5 0 0 
CW
1000 900 950 180 0 0 1000 0 0 0 0 0 0.5 0.5 0.5 0.5 0.5 0.5 0 0 
CW
1000 900 1000 0 0 0 1000 0 0 0 0 0 0.5 0.5 0.5 0.5 0.5 0.5 0 0 
WA
1000 900 1800 0 0 0 1000 0 0 0 0 0 0.5 0.5 0.5 0.5 0.5 0.5 0 0 
WA
1000 900 1850 0 0 0 1000 0 0 0 0 0 0.5 0.5 0.5 0.5 0.5 0.5 0 0 
WA
1000 950 450 0 0 0 1000 0 0 0 0 0 0.5 0.5 0.5 0.5 0.5 0.5 0 0 
WA
1000 950 500 0 0 0 1000 0 0 0 0 0 0.5 0.5 0.5 0.5 0.5 0.5 0 0 
WA
1000 950 550 0 0 0 1000 0 0 0 0 0 0.5 0.5 0.5 0.5 0.5 0.5 0 0 
WA
1000 950 600 0 0 0 1000 0 0 0 0 0 0.5 0.5 0.5 0.5 0.5 0.5 0 0 
WA
1000 950 650 0 0 0 1000 0 0 0 0 0 0.5 0.5 0.5 0.5 0.5 0.5 0 0 
WA
1000 950 700 0 0 0 1000 0 0 0 0 0 0.5 0.5 0.5 0.5 0.5 0.5 0 0 
CW
1000 950 900 180 0 0 1000 0 0 0 0 0 0.5 0.5 0.5 0.5 0.5 0.5 0 0 
WA
1000 950 950 0 0 0 1000 0 0 0 0 0 0.5 0.5 0.5 0.5 0.5 0.5 0 0 
WA
1000 950 1800 0 0 0 1000 0 0 0 0 0 0.5 0.5 0.5 0.5 0.5 0.5 0 0 
WA
1000 950 1850 0 0 0 1000 0 0 0 0 0 0.5 0.5 0.5 0.5 0.5 0.5 0 0 
WA
1000 1000 450 0 0 0 1000 0 0 0 0 0 0.5 0.5 0.5 0.5 0.5 0.5 0 0 
WA
1000 1000 500 0 0 0 1000 0 0 0 0 0 0.5 0.5 0.5 0.5 0.5 0.5 0 0 
WA
1000 1000 650 0 0 0 1000 0 0 0 0 0 0.5 0.5 0.5 0.5 0.5 0.5 0 0 
WA
1000 1000 700 0 0 0 1000 0 0 0 0 0 0.5 0.5 0.5 0.5 0.5 0.5 0 0 
WA
1000 1000 900 0 0 0 1000 0 0 0 0 0 0.5 0.5 0.5 0.5 0.5 0.5 0 0 
WA
1000 1000 950 0 0 0 1000 0 0 0 0 0 0.5 0.5 0.5 0.5 0.5 0.5 0 0 
WA
1000 1000 1800 0 0 0 1000 0 0 0 0 0 0.5 0.5 0.5 0.5 0.5 0.5 0 0 
WA
1000 1000 1850 0 0 0 1000 0 0 0 0 0 0.5 0.5 0.5 0.5 0.5 0.5 0 0 
WA
1000 1050 450 0 0 0 1000 0 0 0 0 0 0.5 0.5 0.5 0.5 0.5 0.5 0 0 
WA
1000 1050 500 0 0 0 1000 0 0 0 0 0 0.5 0.5 0.5 0.5 0.5 0.5 0 0 
WA
1000 1050 650 0 0 0 1000 0 0 0 0 0 0.5 0.5 0.5 0.5 0.5 0.5 0 0 
WA
1000 1050 700 0 0 0 1000 0 0 0 0 0 0.5 0.5 0.5 0.5 0.5 0.5 0 0 
CW
1000 1050 750 90 0 0 1000 0 0 0 0 0 0.5 0.5 0.5 0.5 0.5 0.5 0 0 
WA
1000 1050 900 0 0 0 1000 0 0 0 0 0 0.5 0.5 0.5 0.5 0.5 0.5 0 0 
WA
1000 1050 950 0 0 0 1000 0 0 0 0 0 0.5 0.5 0.5 0.5 0.5 0.5 0 0 
WA
1000 1050 1800 0 0 0 1000 0 0 0 0 0 0.5 0.5 0.5 0.5 0.5 0.5 0 0 
WA
1000 1050 1850 0 0 0 1000 0 0 0 0 0 0.5 0.5 0.5 0.5 0.5 0.5 0 0 
WA
1000 1100 450 0 0 0 1000 0 0 0 0 0 0.5 0.5 0.5 0.5 0.5 0.5 0 0 
WA
1000 1100 500 0 0 0 1000 0 0 0 0 0 0.5 0.5 0.5 0.5 0.5 0.5 0 0 
WA
1000 1100 650 0 0 0 1000 0 0 0 0 0 0.5 0.5 0.5 0.5 0.5 0.5 0 0 
WA
1000 1100 700 0 0 0 1000 0 0 0 0 0 0.5 0.5 0.5 0.5 0.5 0.5 0 0 
WA
1000 1100 750 0 0 0 1000 0 0 0 0 0 0.5 0.5 0.5 0.5 0.5 0.5 0 0 
WA
1000 1100 900 0 0 0 1000 0 0 0 0 0 0.5 0.5 0.5 0.5 0.5 0.5 0 0 
WA
1000 1100 950 0 0 0 1000 0 0 0 0 0 0.5 0.5 0.5 0.5 0.5 0.5 0 0 
WA
1000 1100 1800 0 0 0 1000 0 0 0 0 0 0.5 0.5 0.5 0.5 0.5 0.5 0 0 
WA
1000 1100 1850 0 0 0 1000 0 0 0 0 0 0.5 0.5 0.5 0.5 0.5 0.5 0 0 
WA
1000 1150 450 0 0 0 1000 0 0 0 0 0 0.5 0.5 0.5 0.5 0.5 0.5 0 0 
WA
1000 1150 500 0 0 0 1000 0 0 0 0 0 0.5 0.5 0.5 0.5 0.5 0.5 0 0 
WA
1000 1150 650 0 0 0 1000 0 0 0 0 0 0.5 0.5 0.5 0.5 0.5 0.5 0 0 
WA
1000 1150 700 0 0 0 1000 0 0 0 0 0 0.5 0.5 0.5 0.5 0.5 0.5 0 0 
WA
1000 1150 750 0 0 0 1000 0 0 0 0 0 0.5 0.5 0.5 0.5 0.5 0.5 0 0 
WA
1000 1150 800 0 0 0 1000 0 0 0 0 0 0.5 0.5 0.5 0.5 0.5 0.5 0 0 
WA
1000 1150 850 0 0 0 1000 0 0 0 0 0 0.5 0.5 0.5 0.5 0.5 0.5 0 0 
WA
1000 1150 900 0 0 0 1000 0 0 0 0 0 0.5 0.5 0.5 0.5 0.5 0.5 0 0 
WA
1000 1150 950 0 0 0 1000 0 0 0 0 0 0.5 0.5 0.5 0.5 0.5 0.5 0 0 
WA
1000 1150 1800 0 0 0 1000 0 0 0 0 0 0.5 0.5 0.5 0.5 0.5 0.5 0 0 
WA
1000 1150 1850 0 0 0 1000 0 0 0 0 0 0.5 0.5 0.5 0.5 0.5 0.5 0 0 
WA
1000 1200 450 0 0 0 1000 0 0 0 0 0 0.5 0.5 0.5 0.5 0.5 0.5 0 0 
WA
1000 1200 500 0 0 0 1000 0 0 0 0 0 0.5 0.5 0.5 0.5 0.5 0.5 0 0 
WA
1000 1200 550 0 0 0 1000 0 0 0 0 0 0.5 0.5 0.5 0.5 0.5 0.5 0 0 
WA
1000 1200 600 0 0 0 1000 0 0 0 0 0 0.5 0.5 0.5 0.5 0.5 0.5 0 0 
CW
1000 1200 650 0 0 0 1000 0 0 0 0 0 0.5 0.5 0.5 0.5 0.5 0.5 0 0 
CW
1000 1200 800 270 0 0 1000 0 0 0 0 0 0.5 0.5 0.5 0.5 0.5 0.5 0 0 
WA
1000 1200 850 0 0 0 1000 0 0 0 0 0 0.5 0.5 0.5 0.5 0.5 0.5 0 0 
WA
1000 1200 900 0 0 0 1000 0 0 0 0 0 0.5 0.5 0.5 0.5 0.5 0.5 0 0 
WA
1000 1200 950 0 0 0 1000 0 0 0 0 0 0.5 0.5 0.5 0.5 0.5 0.5 0 0 
WA
1000 1200 1000 0 0 0 1000 0 0 0 0 0 0.5 0.5 0.5 0.5 0.5 0.5 0 0 
CW
1000 1200 1050 90 0 0 1000 0 0 0 0 0 0.5 0.5 0.5 0.5 0.5 0.5 0 0 
CW
1000 1250 400 180 0 0 1000 0 0 0 0 0 0.5 0.5 0.5 0.5 0.5 0.5 0 0 
WA
1000 1250 450 0 0 0 1000 0 0 0 0 0 0.5 0.5 0.5 0.5 0.5 0.5 0 0 
WA
1000 1250 500 0 0 0 1000 0 0 0 0 0 0.5 0.5 0.5 0.5 0.5 0.5 0 0 
WA
1000 1250 550 0 0 0 1000 0 0 0 0 0 0.5 0.5 0.5 0.5 0.5 0.5 0 0 
CW
1000 1250 600 0 0 0 1000 0 0 0 0 0 0.5 0.5 0.5 0.5 0.5 0.5 0 0 
CW
1000 1250 850 270 0 0 1000 0 0 0 0 0 0.5 0.5 0.5 0.5 0.5 0.5 0 0 
WA
1000 1250 900 0 0 0 1000 0 0 0 0 0 0.5 0.5 0.5 0.5 0.5 0.5 0 0 
WA
1000 1250 950 0 0 0 1000 0 0 0 0 0 0.5 0.5 0.5 0.5 0.5 0.5 0 0 
WA
1000 1250 1000 0 0 0 1000 0 0 0 0 0 0.5 0.5 0.5 0.5 0.5 0.5 0 0 
WA
1000 1250 1050 0 0 0 1000 0 0 0 0 0 0.5 0.5 0.5 0.5 0.5 0.5 0 0 
CW
1000 1250 1100 90 0 0 1000 0 0 0 0 0 0.5 0.5 0.5 0.5 0.5 0.5 0 0 
WA
1000 1250 1800 0 0 0 1000 0 0 0 0 0 0.5 0.5 0.5 0.5 0.5 0.5 0 0 
WA
1000 1250 1850 0 0 0 1000 0 0 0 0 0 0.5 0.5 0.5 0.5 0.5 0.5 0 0 
CW
1000 1300 350 180 0 0 1000 0 0 0 0 0 0.5 0.5 0.5 0.5 0.5 0.5 0 0 
WA
1000 1300 400 0 0 0 1000 0 0 0 0 0 0.5 0.5 0.5 0.5 0.5 0.5 0 0 
WA
1000 1300 450 0 0 0 1000 0 0 0 0 0 0.5 0.5 0.5 0.5 0.5 0.5 0 0 
WA
1000 1300 500 0 0 0 1000 0 0 0 0 0 0.5 0.5 0.5 0.5 0.5 0.5 0 0 
CW
1000 1300 550 0 0 0 1000 0 0 0 0 0 0.5 0.5 0.5 0.5 0.5 0.5 0 0 
WA
1000 1300 950 0 0 0 1000 0 0 0 0 0 0.5 0.5 0.5 0.5 0.5 0.5 0 0 
WA
1000 1300 1000 0 0 0 1000 0 0 0 0 0 0.5 0.5 0.5 0.5 0.5 0.5 0 0 
WA
1000 1300 1050 0 0 0 1000 0 0 0 0 0 0.5 0.5 0.5 0.5 0.5 0.5 0 0 
WA
1000 1300 1100 0 0 0 1000 0 0 0 0 0 0.5 0.5 0.5 0.5 0.5 0.5 0 0 
WA
1000 1300 1150 0 0 0 1000 0 0 0 0 0 0.5 0.5 0.5 0.5 0.5 0.5 0 0 
CW
1000 1300 1200 90 0 0 1000 0 0 0 0 0 0.5 0.5 0.5 0.5 0.5 0.5 0 0 
CW
1000 1300 1550 180 0 0 1000 0 0 0 0 0 0.5 0.5 0.5 0.5 0.5 0.5 0 0 
WA
1000 1300 1600 0 0 0 1000 0 0 0 0 0 0.5 0.5 0.5 0.5 0.5 0.5 0 0 
CW
1000 1300 1650 90 0 0 1000 0 0 0 0 0 0.5 0.5 0.5 0.5 0.5 0.5 0 0 
WA
1000 1300 1800 0 0 0 1000 0 0 0 0 0 0.5 0.5 0.5 0.5 0.5 0.5 0 0 
WA
1000 1300 1850 0 0 0 1000 0 0 0 0 0 0.5 0.5 0.5 0.5 0.5 0.5 0 0 
WA
1000 1350 350 0 0 0 1000 0 0 0 0 0 0.5 0.5 0.5 0.5 0.5 0.5 0 0 
CW
1000 1350 400 0 0 0 1000 0 0 0 0 0 0.5 0.5 0.5 0.5 0.5 0.5 0 0 
WA
1000 1350 950 0 0 0 1000 0 0 0 0 0 0.5 0.5 0.5 0.5 0.5 0.5 0 0 
WA
1000 1350 1000 0 0 0 1000 0 0 0 0 0 0.5 0.5 0.5 0.5 0.5 0.5 0 0 
CW
1000 1350 1150 270 0 0 1000 0 0 0 0 0 0.5 0.5 0.5 0.5 0.5 0.5 0 0 
WA
1000 1350 1200 0 0 0 1000 0 0 0 0 0 0.5 0.5 0.5 0.5 0.5 0.5 0 0 
WA
1000 1350 1250 0 0 0 1000 0 0 0 0 0 0.5 0.5 0.5 0.5 0.5 0.5 0 0 
WA
1000 1350 1300 0 0 0 1000 0 0 0 0 0 0.5 0.5 0.5 0.5 0.5 0.5 0 0 
WA
1000 1350 1350 0 0 0 1000 0 0 0 0 0 0.5 0.5 0.5 0.5 0.5 0.5 0 0 
WA
1000 1350 1400 0 0 0 1000 0 0 0 0 0 0.5 0.5 0.5 0.5 0.5 0.5 0 0 
WA
1000 1350 1450 0 0 0 1000 0 0 0 0 0 0.5 0.5 0.5 0.5 0.5 0.5 0 0 
WA
1000 1350 1500 0 0 0 1000 0 0 0 0 0 0.5 0.5 0.5 0.5 0.5 0.5 0 0 
WA
1000 1350 1550 0 0 0 1000 0 0 0 0 0 0.5 0.5 0.5 0.5 0.5 0.5 0 0 
WA
1000 1350 1600 0 0 0 1000 0 0 0 0 0 0.5 0.5 0.5 0.5 0.5 0.5 0 0 
WA
1000 1350 1650 0 0 0 1000 0 0 0 0 0 0.5 0.5 0.5 0.5 0.5 0.5 0 0 
WA
1000 1350 1700 0 0 0 1000 0 0 0 0 0 0.5 0.5 0.5 0.5 0.5 0.5 0 0 
WA
1000 1350 1750 0 0 0 1000 0 0 0 0 0 0.5 0.5 0.5 0.5 0.5 0.5 0 0 
WA
1000 1350 1800 0 0 0 1000 0 0 0 0 0 0.5 0.5 0.5 0.5 0.5 0.5 0 0 
WA
1000 1350 1850 0 0 0 1000 0 0 0 0 0 0.5 0.5 0.5 0.5 0.5 0.5 0 0 
CW
1000 1400 300 180 0 0 1000 0 0 0 0 0 0.5 0.5 0.5 0.5 0.5 0.5 0 0 
CW
1000 1400 350 0 0 0 1000 0 0 0 0 0 0.5 0.5 0.5 0.5 0.5 0.5 0 0 
WA
1000 1400 950 0 0 0 1000 0 0 0 0 0 0.5 0.5 0.5 0.5 0.5 0.5 0 0 
WA
1000 1400 1000 0 0 0 1000 0 0 0 0 0 0.5 0.5 0.5 0.5 0.5 0.5 0 0 
CW
1000 1400 1250 270 0 0 1000 0 0 0 0 0 0.5 0.5 0.5 0.5 0.5 0.5 0 0 
WA
1000 1400 1300 0 0 0 1000 0 0 0 0 0 0.5 0.5 0.5 0.5 0.5 0.5 0 0 
WA
1000 1400 1350 0 0 0 1000 0 0 0 0 0 0.5 0.5 0.5 0.5 0.5 0.5 0 0 
WA
1000 1400 1400 0 0 0 1000 0 0 0 0 0 0.5 0.5 0.5 0.5 0.5 0.5 0 0 
WA
1000 1400 1450 0 0 0 1000 0 0 0 0 0 0.5 0.5 0.5 0.5 0.5 0.5 0 0 
CW
1000 1400 1500 0 0 0 1000 0 0 0 0 0 0.5 0.5 0.5 0.5 0.5 0.5 0 0 
WA
1000 1400 1700 0 0 0 1000 0 0 0 0 0 0.5 0.5 0.5 0.5 0.5 0.5 0 0 
WA
1000 1400 1750 0 0 0 1000 0 0 0 0 0 0.5 0.5 0.5 0.5 0.5 0.5 0 0 
WA
1000 1400 1800 0 0 0 1000 0 0 0 0 0 0.5 0.5 0.5 0.5 0.5 0.5 0 0 
WA
1000 1400 1850 0 0 0 1000 0 0 0 0 0 0.5 0.5 0.5 0.5 0.5 0.5 0 0 
CW
1000 1450 250 180 0 0 1000 0 0 0 0 0 0.5 0.5 0.5 0.5 0.5 0.5 0 0 
WA
1000 1450 300 0 0 0 1000 0 0 0 0 0 0.5 0.5 0.5 0.5 0.5 0.5 0 0 
WA
1000 1450 950 0 0 0 1000 0 0 0 0 0 0.5 0.5 0.5 0.5 0.5 0.5 0 0 
WA
1000 1450 1000 0 0 0 1000 0 0 0 0 0 0.5 0.5 0.5 0.5 0.5 0.5 0 0 
CW
1000 1450 1700 270 0 0 1000 0 0 0 0 0 0.5 0.5 0.5 0.5 0.5 0.5 0 0 
WA
1000 1450 1750 0 0 0 1000 0 0 0 0 0 0.5 0.5 0.5 0.5 0.5 0.5 0 0 
WA
1000 1450 1800 0 0 0 1000 0 0 0 0 0 0.5 0.5 0.5 0.5 0.5 0.5 0 0 
WA
1000 1450 1850 0 0 0 1000 0 0 0 0 0 0.5 0.5 0.5 0.5 0.5 0.5 0 0 
WA
1000 1500 250 0 0 0 1000 0 0 0 0 0 0.5 0.5 0.5 0.5 0.5 0.5 0 0 
CW
1000 1500 300 0 0 0 1000 0 0 0 0 0 0.5 0.5 0.5 0.5 0.5 0.5 0 0 
WA
1000 1500 950 0 0 0 1000 0 0 0 0 0 0.5 0.5 0.5 0.5 0.5 0.5 0 0 
WA
1000 1500 1000 0 0 0 1000 0 0 0 0 0 0.5 0.5 0.5 0.5 0.5 0.5 0 0 
CW
1000 1500 1750 270 0 0 1000 0 0 0 0 0 0.5 0.5 0.5 0.5 0.5 0.5 0 0 
WA
1000 1500 1800 0 0 0 1000 0 0 0 0 0 0.5 0.5 0.5 0.5 0.5 0.5 0 0 
WA
1000 1500 1850 0 0 0 1000 0 0 0 0 0 0.5 0.5 0.5 0.5 0.5 0.5 0 0 
CW
1000 1550 200 180 0 0 1000 0 0 0 0 0 0.5 0.5 0.5 0.5 0.5 0.5 0 0 
CW
1000 1550 250 0 0 0 1000 0 0 0 0 0 0.5 0.5 0.5 0.5 0.5 0.5 0 0 
CW
1000 1550 950 270 0 0 1000 0 0 0 0 0 0.5 0.5 0.5 0.5 0.5 0.5 0 0 
WA
1000 1550 1000 0 0 0 1000 0 0 0 0 0 0.5 0.5 0.5 0.5 0.5 0.5 0 0 
CW
1000 1550 1800 270 0 0 1000 0 0 0 0 0 0.5 0.5 0.5 0.5 0.5 0.5 0 0 
WA
1000 1550 1850 0 0 0 1000 0 0 0 0 0 0.5 0.5 0.5 0.5 0.5 0.5 0 0 
WA
1000 1600 1000 0 0 0 1000 0 0 0 0 0 0.5 0.5 0.5 0.5 0.5 0.5 0 0 
CW
1000 1600 1050 90 0 0 1000 0 0 0 0 0 0.5 0.5 0.5 0.5 0.5 0.5 0 0 
CW
1000 1650 100 180 0 0 1000 0 0 0 0 0 0.5 0.5 0.5 0.5 0.5 0.5 0 0 
CW
1000 1650 150 0 0 0 1000 0 0 0 0 0 0.5 0.5 0.5 0.5 0.5 0.5 0 0 
WA
1000 1650 1000 0 0 0 1000 0 0 0 0 0 0.5 0.5 0.5 0.5 0.5 0.5 0 0 
CW
1000 1650 1050 0 0 0 1000 0 0 0 0 0 0.5 0.5 0.5 0.5 0.5 0.5 0 0 
CW
1000 1650 1850 270 0 0 1000 0 0 0 0 0 0.5 0.5 0.5 0.5 0.5 0.5 0 0 
WA
1000 1650 1900 0 0 0 1000 0 0 0 0 0 0.5 0.5 0.5 0.5 0.5 0.5 0 0 
CW
1000 1700 50 180 0 0 1000 0 0 0 0 0 0.5 0.5 0.5 0.5 0.5 0.5 0 0 
WA
1000 1700 100 0 0 0 1000 0 0 0 0 0 0.5 0.5 0.5 0.5 0.5 0.5 0 0 
CW
1000 1700 950 180 0 0 1000 0 0 0 0 0 0.5 0.5 0.5 0.5 0.5 0.5 0 0 
WA
1000 1700 1000 0 0 0 1000 0 0 0 0 0 0.5 0.5 0.5 0.5 0.5 0.5 0 0 
CW
1000 1700 1900 270 0 0 1000 0 0 0 0 0 0.5 0.5 0.5 0.5 0.5 0.5 0 0 
WA
1000 1700 1950 0 0 0 1000 0 0 0 0 0 0.5 0.5 0.5 0.5 0.5 0.5 0 0 
WA
1000 1750 50 0 0 0 1000 0 0 0 0 0 0.5 0.5 0.5 0.5 0.5 0.5 0 0 
WA
1000 1750 100 0 0 0 1000 0 0 0 0 0 0.5 0.5 0.5 0.5 0.5 0.5 0 0 
WA
1000 1750 950 0 0 0 1000 0 0 0 0 0 0.5 0.5 0.5 0.5 0.5 0.5 0 0 
CW
1000 1750 1000 0 0 0 1000 0 0 0 0 0 0.5 0.5 0.5 0.5 0.5 0.5 0 0 
WA
1000 1750 1950 0 0 0 1000 0 0 0 0 0 0.5 0.5 0.5 0.5 0.5 0.5 0 0 
WA
1000 1800 50 0 0 0 1000 0 0 0 0 0 0.5 0.5 0.5 0.5 0.5 0.5 0 0 
WA
1000 1800 100 0 0 0 1000 0 0 0 0 0 0.5 0.5 0.5 0.5 0.5 0.5 0 0 
WA
1000 1800 150 0 0 0 1000 0 0 0 0 0 0.5 0.5 0.5 0.5 0.5 0.5 0 0 
CW
1000 1800 900 180 0 0 1000 0 0 0 0 0 0.5 0.5 0.5 0.5 0.5 0.5 0 0 
WA
1000 1800 950 0 0 0 1000 0 0 0 0 0 0.5 0.5 0.5 0.5 0.5 0.5 0 0 
WA
1000 1850 50 0 0 0 1000 0 0 0 0 0 0.5 0.5 0.5 0.5 0.5 0.5 0 0 
WA
1000 1850 100 0 0 0 1000 0 0 0 0 0 0.5 0.5 0.5 0.5 0.5 0.5 0 0 
WA
1000 1850 900 0 0 0 1000 0 0 0 0 0 0.5 0.5 0.5 0.5 0.5 0.5 0 0 
WA
1000 1850 950 0 0 0 1000 0 0 0 0 0 0.5 0.5 0.5 0.5 0.5 0.5 0 0 
WA
1000 1900 0 0 0 0 1000 0 0 0 0 0 0.5 0.5 0.5 0.5 0.5 0.5 0 0 
WA
1000 1900 50 0 0 0 1000 0 0 0 0 0 0.5 0.5 0.5 0.5 0.5 0.5 0 0 
CW
1000 1900 100 0 0 0 1000 0 0 0 0 0 0.5 0.5 0.5 0.5 0.5 0.5 0 0 
WA
1000 1900 900 0 0 0 1000 0 0 0 0 0 0.5 0.5 0.5 0.5 0.5 0.5 0 0 
WA
1000 1900 950 0 0 0 1000 0 0 0 0 0 0.5 0.5 0.5 0.5 0.5 0.5 0 0 
WA
1000 1950 0 0 0 0 1000 0 0 0 0 0 0.5 0.5 0.5 0.5 0.5 0.5 0 0 
WA
1000 1950 50 0 0 0 1000 0 0 0 0 0 0.5 0.5 0.5 0.5 0.5 0.5 0 0 
WA
1000 1950 900 0 0 0 1000 0 0 0 0 0 0.5 0.5 0.5 0.5 0.5 0.5 0 0 
WA
1000 1950 950 0 0 0 1000 0 0 0 0 0 0.5 0.5 0.5 0.5 0.5 0.5 0 0 
OD
1000 50 225 0 0 0 1000 0 0 0 0 0 0.5 0.5 0.5 0.5 0.5 0.5 0 0 1 0 
OD
1000 75 800 0 0 0 1000 0 0 0 0 0 0.5 0.5 0.5 0.5 0.5 0.5 0 0 1 1 
OD
1000 50 875 0 0 0 1000 0 0 0 0 0 0.5 0.5 0.5 0.5 0.5 0.5 0 0 1 0 
OD
1000 175 700 0 0 0 1000 0 0 0 0 0 0.5 0.5 0.5 0.5 0.5 0.5 0 0 1 1 
OD
1000 400 175 0 0 0 1000 0 0 0 0 0 0.5 0.5 0.5 0.5 0.5 0.5 0 0 1 0 
OD
1000 650 1125 0 0 0 1000 0 0 0 0 0 0.5 0.5 0.5 0.5 0.5 0.5 0 0 1 0 
OD
1000 700 1125 0 0 0 1000 0 0 0 0 0 0.5 0.5 0.5 0.5 0.5 0.5 0 0 1 0 
OD
1000 850 1025 0 0 0 1000 0 0 0 0 0 0.5 0.5 0.5 0.5 0.5 0.5 0 0 1 0 
OD
1000 1200 1825 0 0 0 1000 0 0 0 0 0 0.5 0.5 0.5 0.5 0.5 0.5 0 0 1 0 
OD
1000 1600 175 0 0 0 1000 0 0 0 0 0 0.5 0.5 0.5 0.5 0.5 0.5 0 0 1 0 
OD
1000 1600 1875 0 0 0 1000 0 0 0 0 0 0.5 0.5 0.5 0.5 0.5 0.5 0 0 1 0 
OB
1000 0 1200 0 0 0 1000 0 0 0 0 0 0.5 0.5 0.5 0.5 0.5 0.5 0 0 
EB
300 100 1900 0 0 0 300 0 0 0 0 0 0 0 0 0 0 0 0 0 0 
OB
1000 250 50 0 0 0 1000 0 0 0 0 0 0.5 0.5 0.5 0.5 0.5 0.5 0 0 
OB
1000 300 100 0 0 0 1000 0 0 0 0 0 0.5 0.5 0.5 0.5 0.5 0.5 0 0 
EB
300 300 350 0 0 0 300 0 0 0 0 0 0 0 0 0 0 0 0 0 0 
OB
1000 300 1150 0 0 0 1000 0 0 0 0 0 0.5 0.5 0.5 0.5 0.5 0.5 0 0 
EB
300 350 750 0 0 0 300 0 0 0 0 0 0 0 0 0 0 0 0 0 0 
OB
1000 350 1150 0 0 0 1000 0 0 0 0 0 0.5 0.5 0.5 0.5 0.5 0.5 0 0 
EB
300 350 1450 0 0 0 300 0 0 0 0 0 0 0 0 0 0 0 0 0 0 
OB
1000 350 1800 0 0 0 1000 0 0 0 0 0 0.5 0.5 0.5 0.5 0.5 0.5 0 0 
OB
1000 450 450 0 0 0 1000 0 0 0 0 0 0.5 0.5 0.5 0.5 0.5 0.5 0 0 
OB
1000 500 100 0 0 0 1000 0 0 0 0 0 0.5 0.5 0.5 0.5 0.5 0.5 0 0 
OB
1000 600 1250 0 0 0 1000 0 0 0 0 0 0.5 0.5 0.5 0.5 0.5 0.5 0 0 
OB
1000 650 650 0 0 0 1000 0 0 0 0 0 0.5 0.5 0.5 0.5 0.5 0.5 0 0 
OB
1000 650 1450 0 0 0 1000 0 0 0 0 0 0.5 0.5 0.5 0.5 0.5 0.5 0 0 
OB
1000 650 1900 0 0 0 1000 0 0 0 0 0 0.5 0.5 0.5 0.5 0.5 0.5 0 0 
OB
1000 750 800 0 0 0 1000 0 0 0 0 0 0.5 0.5 0.5 0.5 0.5 0.5 0 0 
EB
300 900 0 0 0 0 300 0 0 0 0 0 0 0 0 0 0 0 0 0 0 
OB
1000 1150 150 0 0 0 1000 0 0 0 0 0 0.5 0.5 0.5 0.5 0.5 0.5 0 0 
OB
1000 1250 350 0 0 0 1000 0 0 0 0 0 0.5 0.5 0.5 0.5 0.5 0.5 0 0 
OB
1000 1300 150 0 0 0 1000 0 0 0 0 0 0.5 0.5 0.5 0.5 0.5 0.5 0 0 
EB
300 1400 1050 0 0 0 300 0 0 0 0 0 0 0 0 0 0 0 0 0 0 
EB
300 1500 1150 0 0 0 300 0 0 0 0 0 0 0 0 0 0 0 0 0 0 
OB
1000 1550 700 0 0 0 1000 0 0 0 0 0 0.5 0.5 0.5 0.5 0.5 0.5 0 0 
OB
1000 1550 1650 0 0 0 1000 0 0 0 0 0 0.5 0.5 0.5 0.5 0.5 0.5 0 0 
OB
1000 1550 1900 0 0 0 1000 0 0 0 0 0 0.5 0.5 0.5 0.5 0.5 0.5 0 0 
OB
1000 1650 1700 0 0 0 1000 0 0 0 0 0 0.5 0.5 0.5 0.5 0.5 0.5 0 0 
EB
300 1700 150 0 0 0 300 0 0 0 0 0 0 0 0 0 0 0 0 0 0 
OB
1000 1950 1050 0 0 0 1000 0 0 0 0 0 0.5 0.5 0.5 0.5 0.5 0.5 0 0 
OB
1000 1950 1300 0 0 0 1000 0 0 0 0 0 0.5 0.5 0.5 0.5 0.5 0.5 0 0 
CH
10000 250 450 0 0 0 10000 0 0 0 0 0 0 0 0 0 0 0 0 0 4 0 -1 0 -1 0 -1 5 2 
CH
10000 900 1150 0 0 0 10000 0 0 0 0 0 0 0 0 0 0 0 0 0 4 2 1 3 7 2 8 0 -1 
CH
10000 850 700 0 0 0 10000 0 0 0 0 0 0 0 0 0 0 0 0 0 1 0 -1 
CH
10000 600 850 0 0 0 10000 0 0 0 0 0 0 0 0 0 0 0 0 0 1 4 7 
CH
10000 1200 1100 0 0 0 10000 0 0 0 0 0 0 0 0 0 0 0 0 0 4 2 1 1 1 0 -1 5 1 
END
MD

AE
WA
1000 0 100 0 0 0 1000 0 0 0 0 0 0.5 0.5 0.5 0.5 0.5 0.5 0 0 
WA
1000 0 150 0 0 0 1000 0 0 0 0 0 0.5 0.5 0.5 0.5 0.5 0.5 0 0 
WA
1000 50 100 0 0 0 1000 0 0 0 0 0 0.5 0.5 0.5 0.5 0.5 0.5 0 0 
WA
1000 50 150 0 0 0 1000 0 0 0 0 0 0.5 0.5 0.5 0.5 0.5 0.5 0 0 
WA
1000 100 100 0 0 0 1000 0 0 0 0 0 0.5 0.5 0.5 0.5 0.5 0.5 0 0 
WA
1000 100 150 0 0 0 1000 0 0 0 0 0 0.5 0.5 0.5 0.5 0.5 0.5 0 0 
WA
1000 150 100 0 0 0 1000 0 0 0 0 0 0.5 0.5 0.5 0.5 0.5 0.5 0 0 
WA
1000 150 150 0 0 0 1000 0 0 0 0 0 0.5 0.5 0.5 0.5 0.5 0.5 0 0 
WA
1000 200 100 0 0 0 1000 0 0 0 0 0 0.5 0.5 0.5 0.5 0.5 0.5 0 0 
WA
1000 200 150 0 0 0 1000 0 0 0 0 0 0.5 0.5 0.5 0.5 0.5 0.5 0 0 
WA
1000 300 100 0 0 0 1000 0 0 0 0 0 0.5 0.5 0.5 0.5 0.5 0.5 0 0 
WA
1000 300 150 0 0 0 1000 0 0 0 0 0 0.5 0.5 0.5 0.5 0.5 0.5 0 0 
WA
1000 350 100 0 0 0 1000 0 0 0 0 0 0.5 0.5 0.5 0.5 0.5 0.5 0 0 
CW
1000 350 150 0 0 0 1000 0 0 0 0 0 0.5 0.5 0.5 0.5 0.5 0.5 0 0 
CW
1000 400 50 180 0 0 1000 0 0 0 0 0 0.5 0.5 0.5 0.5 0.5 0.5 0 0 
WA
1000 400 100 0 0 0 1000 0 0 0 0 0 0.5 0.5 0.5 0.5 0.5 0.5 0 0 
WA
1000 450 50 0 0 0 1000 0 0 0 0 0 0.5 0.5 0.5 0.5 0.5 0.5 0 0 
WA
1000 450 100 0 0 0 1000 0 0 0 0 0 0.5 0.5 0.5 0.5 0.5 0.5 0 0 
WA
1000 500 50 0 0 0 1000 0 0 0 0 0 0.5 0.5 0.5 0.5 0.5 0.5 0 0 
WA
1000 500 100 0 0 0 1000 0 0 0 0 0 0.5 0.5 0.5 0.5 0.5 0.5 0 0 
WA
1000 550 50 0 0 0 1000 0 0 0 0 0 0.5 0.5 0.5 0.5 0.5 0.5 0 0 
WA
1000 550 100 0 0 0 1000 0 0 0 0 0 0.5 0.5 0.5 0.5 0.5 0.5 0 0 
CW
1000 600 50 270 0 0 1000 0 0 0 0 0 0.5 0.5 0.5 0.5 0.5 0.5 0 0 
WA
1000 600 100 0 0 0 1000 0 0 0 0 0 0.5 0.5 0.5 0.5 0.5 0.5 0 0 
CW
1000 600 800 180 0 0 1000 0 0 0 0 0 0.5 0.5 0.5 0.5 0.5 0.5 0 0 
WA
1000 600 850 0 0 0 1000 0 0 0 0 0 0.5 0.5 0.5 0.5 0.5 0.5 0 0 
WA
1000 600 900 0 0 0 1000 0 0 0 0 0 0.5 0.5 0.5 0.5 0.5 0.5 0 0 
WA
1000 600 950 0 0 0 1000 0 0 0 0 0 0.5 0.5 0.5 0.5 0.5 0.5 0 0 
WA
1000 600 1000 0 0 0 1000 0 0 0 0 0 0.5 0.5 0.5 0.5 0.5 0.5 0 0 
WA
1000 600 1100 0 0 0 1000 0 0 0 0 0 0.5 0.5 0.5 0.5 0.5 0.5 0 0 
WA
1000 600 1150 0 0 0 1000 0 0 0 0 0 0.5 0.5 0.5 0.5 0.5 0.5 0 0 
CW
1000 600 1200 90 0 0 1000 0 0 0 0 0 0.5 0.5 0.5 0.5 0.5 0.5 0 0 
CW
1000 650 100 270 0 0 1000 0 0 0 0 0 0.5 0.5 0.5 0.5 0.5 0.5 0 0 
WA
1000 650 150 0 0 0 1000 0 0 0 0 0 0.5 0.5 0.5 0.5 0.5 0.5 0 0 
WA
1000 650 200 0 0 0 1000 0 0 0 0 0 0.5 0.5 0.5 0.5 0.5 0.5 0 0 
WA
1000 650 250 0 0 0 1000 0 0 0 0 0 0.5 0.5 0.5 0.5 0.5 0.5 0 0 
WA
1000 650 300 0 0 0 1000 0 0 0 0 0 0.5 0.5 0.5 0.5 0.5 0.5 0 0 
WA
1000 650 350 0 0 0 1000 0 0 0 0 0 0.5 0.5 0.5 0.5 0.5 0.5 0 0 
WA
1000 650 400 0 0 0 1000 0 0 0 0 0 0.5 0.5 0.5 0.5 0.5 0.5 0 0 
WA
1000 650 450 0 0 0 1000 0 0 0 0 0 0.5 0.5 0.5 0.5 0.5 0.5 0 0 
WA
1000 650 500 0 0 0 1000 0 0 0 0 0 0.5 0.5 0.5 0.5 0.5 0.5 0 0 
WA
1000 650 550 0 0 0 1000 0 0 0 0 0 0.5 0.5 0.5 0.5 0.5 0.5 0 0 
WA
1000 650 600 0 0 0 1000 0 0 0 0 0 0.5 0.5 0.5 0.5 0.5 0.5 0 0 
WA
1000 650 650 0 0 0 1000 0 0 0 0 0 0.5 0.5 0.5 0.5 0.5 0.5 0 0 
WA
1000 650 700 0 0 0 1000 0 0 0 0 0 0.5 0.5 0.5 0.5 0.5 0.5 0 0 
WA
1000 650 750 0 0 0 1000 0 0 0 0 0 0.5 0.5 0.5 0.5 0.5 0.5 0 0 
WA
1000 650 800 0 0 0 1000 0 0 0 0 0 0.5 0.5 0.5 0.5 0.5 0.5 0 0 
WA
1000 650 850 0 0 0 1000 0 0 0 0 0 0.5 0.5 0.5 0.5 0.5 0.5 0 0 
WA
1000 650 900 0 0 0 1000 0 0 0 0 0 0.5 0.5 0.5 0.5 0.5 0.5 0 0 
WA
1000 650 950 0 0 0 1000 0 0 0 0 0 0.5 0.5 0.5 0.5 0.5 0.5 0 0 
WA
1000 650 1000 0 0 0 1000 0 0 0 0 0 0.5 0.5 0.5 0.5 0.5 0.5 0 0 
WA
1000 650 1100 0 0 0 1000 0 0 0 0 0 0.5 0.5 0.5 0.5 0.5 0.5 0 0 
WA
1000 650 1150 0 0 0 1000 0 0 0 0 0 0.5 0.5 0.5 0.5 0.5 0.5 0 0 
WA
1000 650 1200 0 0 0 1000 0 0 0 0 0 0.5 0.5 0.5 0.5 0.5 0.5 0 0 
CW
1000 650 1250 90 0 0 1000 0 0 0 0 0 0.5 0.5 0.5 0.5 0.5 0.5 0 0 
CW
1000 700 150 270 0 0 1000 0 0 0 0 0 0.5 0.5 0.5 0.5 0.5 0.5 0 0 
WA
1000 700 200 0 0 0 1000 0 0 0 0 0 0.5 0.5 0.5 0.5 0.5 0.5 0 0 
WA
1000 700 250 0 0 0 1000 0 0 0 0 0 0.5 0.5 0.5 0.5 0.5 0.5 0 0 
WA
1000 700 300 0 0 0 1000 0 0 0 0 0 0.5 0.5 0.5 0.5 0.5 0.5 0 0 
WA
1000 700 350 0 0 0 1000 0 0 0 0 0 0.5 0.5 0.5 0.5 0.5 0.5 0 0 
WA
1000 700 400 0 0 0 1000 0 0 0 0 0 0.5 0.5 0.5 0.5 0.5 0.5 0 0 
WA
1000 700 450 0 0 0 1000 0 0 0 0 0 0.5 0.5 0.5 0.5 0.5 0.5 0 0 
WA
1000 700 500 0 0 0 1000 0 0 0 0 0 0.5 0.5 0.5 0.5 0.5 0.5 0 0 
WA
1000 700 550 0 0 0 1000 0 0 0 0 0 0.5 0.5 0.5 0.5 0.5 0.5 0 0 
WA
1000 700 600 0 0 0 1000 0 0 0 0 0 0.5 0.5 0.5 0.5 0.5 0.5 0 0 
WA
1000 700 650 0 0 0 1000 0 0 0 0 0 0.5 0.5 0.5 0.5 0.5 0.5 0 0 
WA
1000 700 700 0 0 0 1000 0 0 0 0 0 0.5 0.5 0.5 0.5 0.5 0.5 0 0 
CW
1000 700 750 0 0 0 1000 0 0 0 0 0 0.5 0.5 0.5 0.5 0.5 0.5 0 0 
WA
1000 700 1200 0 0 0 1000 0 0 0 0 0 0.5 0.5 0.5 0.5 0.5 0.5 0 0 
WA
1000 700 1250 0 0 0 1000 0 0 0 0 0 0.5 0.5 0.5 0.5 0.5 0.5 0 0 
WA
1000 750 1200 0 0 0 1000 0 0 0 0 0 0.5 0.5 0.5 0.5 0.5 0.5 0 0 
WA
1000 750 1250 0 0 0 1000 0 0 0 0 0 0.5 0.5 0.5 0.5 0.5 0.5 0 0 
WA
1000 800 1200 0 0 0 1000 0 0 0 0 0 0.5 0.5 0.5 0.5 0.5 0.5 0 0 
WA
1000 800 1250 0 0 0 1000 0 0 0 0 0 0.5 0.5 0.5 0.5 0.5 0.5 0 0 
WA
1000 850 1200 0 0 0 1000 0 0 0 0 0 0.5 0.5 0.5 0.5 0.5 0.5 0 0 
WA
1000 850 1250 0 0 0 1000 0 0 0 0 0 0.5 0.5 0.5 0.5 0.5 0.5 0 0 
WA
1000 900 1200 0 0 0 1000 0 0 0 0 0 0.5 0.5 0.5 0.5 0.5 0.5 0 0 
WA
1000 900 1250 0 0 0 1000 0 0 0 0 0 0.5 0.5 0.5 0.5 0.5 0.5 0 0 
CW
1000 950 1200 270 0 0 1000 0 0 0 0 0 0.5 0.5 0.5 0.5 0.5 0.5 0 0 
WA
1000 950 1250 0 0 0 1000 0 0 0 0 0 0.5 0.5 0.5 0.5 0.5 0.5 0 0 
WA
1000 1000 1250 0 0 0 1000 0 0 0 0 0 0.5 0.5 0.5 0.5 0.5 0.5 0 0 
CW
1000 1000 1300 90 0 0 1000 0 0 0 0 0 0.5 0.5 0.5 0.5 0.5 0.5 0 0 
WA
1000 1050 1250 0 0 0 1000 0 0 0 0 0 0.5 0.5 0.5 0.5 0.5 0.5 0 0 
WA
1000 1050 1300 0 0 0 1000 0 0 0 0 0 0.5 0.5 0.5 0.5 0.5 0.5 0 0 
CW
1000 1100 1250 270 0 0 1000 0 0 0 0 0 0.5 0.5 0.5 0.5 0.5 0.5 0 0 
WA
1000 1100 1300 0 0 0 1000 0 0 0 0 0 0.5 0.5 0.5 0.5 0.5 0.5 0 0 
CW
1000 1100 1350 90 0 0 1000 0 0 0 0 0 0.5 0.5 0.5 0.5 0.5 0.5 0 0 
CW
1000 1150 1300 270 0 0 1000 0 0 0 0 0 0.5 0.5 0.5 0.5 0.5 0.5 0 0 
WA
1000 1150 1350 0 0 0 1000 0 0 0 0 0 0.5 0.5 0.5 0.5 0.5 0.5 0 0 
CW
1000 1150 1400 90 0 0 1000 0 0 0 0 0 0.5 0.5 0.5 0.5 0.5 0.5 0 0 
WA
1000 1200 1350 0 0 0 1000 0 0 0 0 0 0.5 0.5 0.5 0.5 0.5 0.5 0 0 
WA
1000 1200 1400 0 0 0 1000 0 0 0 0 0 0.5 0.5 0.5 0.5 0.5 0.5 0 0 
WA
1000 1250 1350 0 0 0 1000 0 0 0 0 0 0.5 0.5 0.5 0.5 0.5 0.5 0 0 
WA
1000 1250 1400 0 0 0 1000 0 0 0 0 0 0.5 0.5 0.5 0.5 0.5 0.5 0 0 
CW
1000 1300 1350 270 0 0 1000 0 0 0 0 0 0.5 0.5 0.5 0.5 0.5 0.5 0 0 
WA
1000 1300 1400 0 0 0 1000 0 0 0 0 0 0.5 0.5 0.5 0.5 0.5 0.5 0 0 
CW
1000 1350 1400 270 0 0 1000 0 0 0 0 0 0.5 0.5 0.5 0.5 0.5 0.5 0 0 
CW
1000 1350 1450 90 0 0 1000 0 0 0 0 0 0.5 0.5 0.5 0.5 0.5 0.5 0 0 
CW
1000 1400 1450 270 0 0 1000 0 0 0 0 0 0.5 0.5 0.5 0.5 0.5 0.5 0 0 
CW
1000 1400 1500 90 0 0 1000 0 0 0 0 0 0.5 0.5 0.5 0.5 0.5 0.5 0 0 
WA
1000 1450 1500 0 0 0 1000 0 0 0 0 0 0.5 0.5 0.5 0.5 0.5 0.5 0 0 
CW
1000 1450 1550 90 0 0 1000 0 0 0 0 0 0.5 0.5 0.5 0.5 0.5 0.5 0 0 
CW
1000 1500 1500 270 0 0 1000 0 0 0 0 0 0.5 0.5 0.5 0.5 0.5 0.5 0 0 
WA
1000 1500 1550 0 0 0 1000 0 0 0 0 0 0.5 0.5 0.5 0.5 0.5 0.5 0 0 
WA
1000 1550 1550 0 0 0 1000 0 0 0 0 0 0.5 0.5 0.5 0.5 0.5 0.5 0 0 
CW
1000 1550 1600 90 0 0 1000 0 0 0 0 0 0.5 0.5 0.5 0.5 0.5 0.5 0 0 
WA
1000 1600 1550 0 0 0 1000 0 0 0 0 0 0.5 0.5 0.5 0.5 0.5 0.5 0 0 
WA
1000 1600 1600 0 0 0 1000 0 0 0 0 0 0.5 0.5 0.5 0.5 0.5 0.5 0 0 
WA
1000 1650 1550 0 0 0 1000 0 0 0 0 0 0.5 0.5 0.5 0.5 0.5 0.5 0 0 
WA
1000 1650 1600 0 0 0 1000 0 0 0 0 0 0.5 0.5 0.5 0.5 0.5 0.5 0 0 
CW
1000 1700 1550 270 0 0 1000 0 0 0 0 0 0.5 0.5 0.5 0.5 0.5 0.5 0 0 
WA
1000 1700 1600 0 0 0 1000 0 0 0 0 0 0.5 0.5 0.5 0.5 0.5 0.5 0 0 
WA
1000 1750 1600 0 0 0 1000 0 0 0 0 0 0.5 0.5 0.5 0.5 0.5 0.5 0 0 
CW
1000 1750 1650 90 0 0 1000 0 0 0 0 0 0.5 0.5 0.5 0.5 0.5 0.5 0 0 
WA
1000 1800 1600 0 0 0 1000 0 0 0 0 0 0.5 0.5 0.5 0.5 0.5 0.5 0 0 
WA
1000 1800 1650 0 0 0 1000 0 0 0 0 0 0.5 0.5 0.5 0.5 0.5 0.5 0 0 
WA
1000 1850 1600 0 0 0 1000 0 0 0 0 0 0.5 0.5 0.5 0.5 0.5 0.5 0 0 
WA
1000 1850 1650 0 0 0 1000 0 0 0 0 0 0.5 0.5 0.5 0.5 0.5 0.5 0 0 
WA
1000 1900 1600 0 0 0 1000 0 0 0 0 0 0.5 0.5 0.5 0.5 0.5 0.5 0 0 
WA
1000 1900 1650 0 0 0 1000 0 0 0 0 0 0.5 0.5 0.5 0.5 0.5 0.5 0 0 
WA
1000 1950 1600 0 0 0 1000 0 0 0 0 0 0.5 0.5 0.5 0.5 0.5 0.5 0 0 
WA
1000 1950 1650 0 0 0 1000 0 0 0 0 0 0.5 0.5 0.5 0.5 0.5 0.5 0 0 
OD
1000 250 125 0 0 0 1000 0 0 0 0 0 0.5 0.5 0.5 0.5 0.5 0.5 0 0 1 0 
OD
1000 625 1050 0 0 0 1000 0 0 0 0 0 0.5 0.5 0.5 0.5 0.5 0.5 0 0 1 1 
EB
300 50 1850 0 0 0 300 0 0 0 0 0 0 0 0 0 0 0 0 0 0 
OB
1000 100 1950 0 0 0 1000 0 0 0 0 0 0.5 0.5 0.5 0.5 0.5 0.5 0 0 
OB
1000 150 1350 0 0 0 1000 0 0 0 0 0 0.5 0.5 0.5 0.5 0.5 0.5 0 0 
OB
1000 250 950 0 0 0 1000 0 0 0 0 0 0.5 0.5 0.5 0.5 0.5 0.5 0 0 
OB
1000 300 1400 0 0 0 1000 0 0 0 0 0 0.5 0.5 0.5 0.5 0.5 0.5 0 0 
OB
1000 500 300 0 0 0 1000 0 0 0 0 0 0.5 0.5 0.5 0.5 0.5 0.5 0 0 
OB
1000 600 0 0 0 0 1000 0 0 0 0 0 0.5 0.5 0.5 0.5 0.5 0.5 0 0 
EB
300 600 1700 0 0 0 300 0 0 0 0 0 0 0 0 0 0 0 0 0 0 
OB
1000 700 50 0 0 0 1000 0 0 0 0 0 0.5 0.5 0.5 0.5 0.5 0.5 0 0 
OB
1000 750 1350 0 0 0 1000 0 0 0 0 0 0.5 0.5 0.5 0.5 0.5 0.5 0 0 
EB
300 850 500 0 0 0 300 0 0 0 0 0 0 0 0 0 0 0 0 0 0 
OB
1000 900 100 0 0 0 1000 0 0 0 0 0 0.5 0.5 0.5 0.5 0.5 0.5 0 0 
EB
300 1050 250 0 0 0 300 0 0 0 0 0 0 0 0 0 0 0 0 0 0 
OB
1000 1100 1600 0 0 0 1000 0 0 0 0 0 0.5 0.5 0.5 0.5 0.5 0.5 0 0 
OB
1000 1150 650 0 0 0 1000 0 0 0 0 0 0.5 0.5 0.5 0.5 0.5 0.5 0 0 
OB
1000 1150 1050 0 0 0 1000 0 0 0 0 0 0.5 0.5 0.5 0.5 0.5 0.5 0 0 
OB
1000 1200 950 0 0 0 1000 0 0 0 0 0 0.5 0.5 0.5 0.5 0.5 0.5 0 0 
EB
300 1250 1950 0 0 0 300 0 0 0 0 0 0 0 0 0 0 0 0 0 0 
OB
1000 1300 400 0 0 0 1000 0 0 0 0 0 0.5 0.5 0.5 0.5 0.5 0.5 0 0 
OB
1000 1300 1550 0 0 0 1000 0 0 0 0 0 0.5 0.5 0.5 0.5 0.5 0.5 0 0 
OB
1000 1550 1500 0 0 0 1000 0 0 0 0 0 0.5 0.5 0.5 0.5 0.5 0.5 0 0 
OB
1000 1550 1650 0 0 0 1000 0 0 0 0 0 0.5 0.5 0.5 0.5 0.5 0.5 0 0 
OB
1000 1550 1800 0 0 0 1000 0 0 0 0 0 0.5 0.5 0.5 0.5 0.5 0.5 0 0 
OB
1000 1600 350 0 0 0 1000 0 0 0 0 0 0.5 0.5 0.5 0.5 0.5 0.5 0 0 
OB
1000 1600 550 0 0 0 1000 0 0 0 0 0 0.5 0.5 0.5 0.5 0.5 0.5 0 0 
OB
1000 1850 1700 0 0 0 1000 0 0 0 0 0 0.5 0.5 0.5 0.5 0.5 0.5 0 0 
EB
300 1900 850 0 0 0 300 0 0 0 0 0 0 0 0 0 0 0 0 0 0 
CH
10000 900 1300 0 0 0 10000 0 0 0 0 0 0 0 0 0 0 0 0 0 3 0 -1 3 1 0 -1 
CH
10000 450 1300 0 0 0 10000 0 0 0 0 0 0 0 0 0 0 0 0 0 4 0 -1 2 8 2 5 0 -1 
CH
10000 250 1250 0 0 0 10000 0 0 0 0 0 0 0 0 0 0 0 0 0 4 4 4 0 -1 1 12 4 1 
CH
10000 250 300 0 0 0 10000 0 0 0 0 0 0 0 0 0 0 0 0 0 4 0 -1 4 4 0 -1 2 6 
CH
10000 350 750 0 0 0 10000 0 0 0 0 0 0 0 0 0 0 0 0 0 5 3 5 3 1 2 1 0 -1 0 -1 
KH
1 50 50 0 0 0 1 0 0 0 0 0 0 0 0 0 0 0 0 0 1 1 
END
MD

AE
WA
1000 0 1100 0 0 0 1000 0 0 0 0 0 0.5 0.5 0.5 0.5 0.5 0.5 0 0 
WA
1000 0 1150 0 0 0 1000 0 0 0 0 0 0.5 0.5 0.5 0.5 0.5 0.5 0 0 
WA
1000 50 1100 0 0 0 1000 0 0 0 0 0 0.5 0.5 0.5 0.5 0.5 0.5 0 0 
WA
1000 50 1150 0 0 0 1000 0 0 0 0 0 0.5 0.5 0.5 0.5 0.5 0.5 0 0 
WA
1000 50 1200 0 0 0 1000 0 0 0 0 0 0.5 0.5 0.5 0.5 0.5 0.5 0 0 
WA
1000 100 1100 0 0 0 1000 0 0 0 0 0 0.5 0.5 0.5 0.5 0.5 0.5 0 0 
WA
1000 100 1150 0 0 0 1000 0 0 0 0 0 0.5 0.5 0.5 0.5 0.5 0.5 0 0 
CW
1000 150 1100 270 0 0 1000 0 0 0 0 0 0.5 0.5 0.5 0.5 0.5 0.5 0 0 
WA
1000 150 1150 0 0 0 1000 0 0 0 0 0 0.5 0.5 0.5 0.5 0.5 0.5 0 0 
WA
1000 200 1150 0 0 0 1000 0 0 0 0 0 0.5 0.5 0.5 0.5 0.5 0.5 0 0 
CW
1000 200 1200 90 0 0 1000 0 0 0 0 0 0.5 0.5 0.5 0.5 0.5 0.5 0 0 
WA
1000 250 1150 0 0 0 1000 0 0 0 0 0 0.5 0.5 0.5 0.5 0.5 0.5 0 0 
WA
1000 250 1200 0 0 0 1000 0 0 0 0 0 0.5 0.5 0.5 0.5 0.5 0.5 0 0 
CW
1000 300 1150 270 0 0 1000 0 0 0 0 0 0.5 0.5 0.5 0.5 0.5 0.5 0 0 
WA
1000 300 1200 0 0 0 1000 0 0 0 0 0 0.5 0.5 0.5 0.5 0.5 0.5 0 0 
WA
1000 350 1200 0 0 0 1000 0 0 0 0 0 0.5 0.5 0.5 0.5 0.5 0.5 0 0 
CW
1000 350 1250 90 0 0 1000 0 0 0 0 0 0.5 0.5 0.5 0.5 0.5 0.5 0 0 
WA
1000 400 1200 0 0 0 1000 0 0 0 0 0 0.5 0.5 0.5 0.5 0.5 0.5 0 0 
WA
1000 400 1250 0 0 0 1000 0 0 0 0 0 0.5 0.5 0.5 0.5 0.5 0.5 0 0 
WA
1000 450 1200 0 0 0 1000 0 0 0 0 0 0.5 0.5 0.5 0.5 0.5 0.5 0 0 
WA
1000 450 1250 0 0 0 1000 0 0 0 0 0 0.5 0.5 0.5 0.5 0.5 0.5 0 0 
WA
1000 500 1200 0 0 0 1000 0 0 0 0 0 0.5 0.5 0.5 0.5 0.5 0.5 0 0 
WA
1000 500 1250 0 0 0 1000 0 0 0 0 0 0.5 0.5 0.5 0.5 0.5 0.5 0 0 
WA
1000 550 1200 0 0 0 1000 0 0 0 0 0 0.5 0.5 0.5 0.5 0.5 0.5 0 0 
WA
1000 550 1250 0 0 0 1000 0 0 0 0 0 0.5 0.5 0.5 0.5 0.5 0.5 0 0 
WA
1000 650 1200 0 0 0 1000 0 0 0 0 0 0.5 0.5 0.5 0.5 0.5 0.5 0 0 
CW
1000 650 1250 0 0 0 1000 0 0 0 0 0 0.5 0.5 0.5 0.5 0.5 0.5 0 0 
CW
1000 700 100 180 0 0 1000 0 0 0 0 0 0.5 0.5 0.5 0.5 0.5 0.5 0 0 
WA
1000 700 150 0 0 0 1000 0 0 0 0 0 0.5 0.5 0.5 0.5 0.5 0.5 0 0 
WA
1000 700 200 0 0 0 1000 0 0 0 0 0 0.5 0.5 0.5 0.5 0.5 0.5 0 0 
WA
1000 700 250 0 0 0 1000 0 0 0 0 0 0.5 0.5 0.5 0.5 0.5 0.5 0 0 
CW
1000 700 300 90 0 0 1000 0 0 0 0 0 0.5 0.5 0.5 0.5 0.5 0.5 0 0 
CW
1000 700 1150 180 0 0 1000 0 0 0 0 0 0.5 0.5 0.5 0.5 0.5 0.5 0 0 
WA
1000 700 1200 0 0 0 1000 0 0 0 0 0 0.5 0.5 0.5 0.5 0.5 0.5 0 0 
WA
1000 750 0 0 0 0 1000 0 0 0 0 0 0.5 0.5 0.5 0.5 0.5 0.5 0 0 
WA
1000 750 50 0 0 0 1000 0 0 0 0 0 0.5 0.5 0.5 0.5 0.5 0.5 0 0 
WA
1000 750 100 0 0 0 1000 0 0 0 0 0 0.5 0.5 0.5 0.5 0.5 0.5 0 0 
WA
1000 750 150 0 0 0 1000 0 0 0 0 0 0.5 0.5 0.5 0.5 0.5 0.5 0 0 
WA
1000 750 200 0 0 0 1000 0 0 0 0 0 0.5 0.5 0.5 0.5 0.5 0.5 0 0 
WA
1000 750 250 0 0 0 1000 0 0 0 0 0 0.5 0.5 0.5 0.5 0.5 0.5 0 0 
WA
1000 750 300 0 0 0 1000 0 0 0 0 0 0.5 0.5 0.5 0.5 0.5 0.5 0 0 
CW
1000 750 350 90 0 0 1000 0 0 0 0 0 0.5 0.5 0.5 0.5 0.5 0.5 0 0 
WA
1000 750 1150 0 0 0 1000 0 0 0 0 0 0.5 0.5 0.5 0.5 0.5 0.5 0 0 
WA
1000 750 1200 0 0 0 1000 0 0 0 0 0 0.5 0.5 0.5 0.5 0.5 0.5 0 0 
WA
1000 800 0 0 0 0 1000 0 0 0 0 0 0.5 0.5 0.5 0.5 0.5 0.5 0 0 
CW
1000 800 50 0 0 0 1000 0 0 0 0 0 0.5 0.5 0.5 0.5 0.5 0.5 0 0 
CW
1000 800 350 270 0 0 1000 0 0 0 0 0 0.5 0.5 0.5 0.5 0.5 0.5 0 0 
CW
1000 800 400 90 0 0 1000 0 0 0 0 0 0.5 0.5 0.5 0.5 0.5 0.5 0 0 
WA
1000 800 1150 0 0 0 1000 0 0 0 0 0 0.5 0.5 0.5 0.5 0.5 0.5 0 0 
WA
1000 800 1200 0 0 0 1000 0 0 0 0 0 0.5 0.5 0.5 0.5 0.5 0.5 0 0 
CW
1000 850 400 270 0 0 1000 0 0 0 0 0 0.5 0.5 0.5 0.5 0.5 0.5 0 0 
CW
1000 850 450 90 0 0 1000 0 0 0 0 0 0.5 0.5 0.5 0.5 0.5 0.5 0 0 
WA
1000 850 1150 0 0 0 1000 0 0 0 0 0 0.5 0.5 0.5 0.5 0.5 0.5 0 0 
CW
1000 850 1200 0 0 0 1000 0 0 0 0 0 0.5 0.5 0.5 0.5 0.5 0.5 0 0 
CW
1000 900 450 270 0 0 1000 0 0 0 0 0 0.5 0.5 0.5 0.5 0.5 0.5 0 0 
CW
1000 900 500 90 0 0 1000 0 0 0 0 0 0.5 0.5 0.5 0.5 0.5 0.5 0 0 
CW
1000 900 1100 180 0 0 1000 0 0 0 0 0 0.5 0.5 0.5 0.5 0.5 0.5 0 0 
WA
1000 900 1150 0 0 0 1000 0 0 0 0 0 0.5 0.5 0.5 0.5 0.5 0.5 0 0 
CW
1000 1000 550 270 0 0 1000 0 0 0 0 0 0.5 0.5 0.5 0.5 0.5 0.5 0 0 
CW
1000 1000 600 90 0 0 1000 0 0 0 0 0 0.5 0.5 0.5 0.5 0.5 0.5 0 0 
WA
1000 1000 1100 0 0 0 1000 0 0 0 0 0 0.5 0.5 0.5 0.5 0.5 0.5 0 0 
WA
1000 1000 1150 0 0 0 1000 0 0 0 0 0 0.5 0.5 0.5 0.5 0.5 0.5 0 0 
CW
1000 1050 600 270 0 0 1000 0 0 0 0 0 0.5 0.5 0.5 0.5 0.5 0.5 0 0 
CW
1000 1050 650 90 0 0 1000 0 0 0 0 0 0.5 0.5 0.5 0.5 0.5 0.5 0 0 
WA
1000 1050 1100 0 0 0 1000 0 0 0 0 0 0.5 0.5 0.5 0.5 0.5 0.5 0 0 
WA
1000 1050 1150 0 0 0 1000 0 0 0 0 0 0.5 0.5 0.5 0.5 0.5 0.5 0 0 
CW
1000 1100 650 270 0 0 1000 0 0 0 0 0 0.5 0.5 0.5 0.5 0.5 0.5 0 0 
CW
1000 1100 700 90 0 0 1000 0 0 0 0 0 0.5 0.5 0.5 0.5 0.5 0.5 0 0 
WA
1000 1100 1100 0 0 0 1000 0 0 0 0 0 0.5 0.5 0.5 0.5 0.5 0.5 0 0 
WA
1000 1100 1150 0 0 0 1000 0 0 0 0 0 0.5 0.5 0.5 0.5 0.5 0.5 0 0 
CW
1000 1150 700 270 0 0 1000 0 0 0 0 0 0.5 0.5 0.5 0.5 0.5 0.5 0 0 
CW
1000 1150 750 90 0 0 1000 0 0 0 0 0 0.5 0.5 0.5 0.5 0.5 0.5 0 0 
WA
1000 1150 1100 0 0 0 1000 0 0 0 0 0 0.5 0.5 0.5 0.5 0.5 0.5 0 0 
CW
1000 1150 1150 0 0 0 1000 0 0 0 0 0 0.5 0.5 0.5 0.5 0.5 0.5 0 0 
CW
1000 1200 750 270 0 0 1000 0 0 0 0 0 0.5 0.5 0.5 0.5 0.5 0.5 0 0 
CW
1000 1200 800 90 0 0 1000 0 0 0 0 0 0.5 0.5 0.5 0.5 0.5 0.5 0 0 
CW
1000 1200 1050 180 0 0 1000 0 0 0 0 0 0.5 0.5 0.5 0.5 0.5 0.5 0 0 
CW
1000 1200 1100 0 0 0 1000 0 0 0 0 0 0.5 0.5 0.5 0.5 0.5 0.5 0 0 
CW
1000 1250 800 270 0 0 1000 0 0 0 0 0 0.5 0.5 0.5 0.5 0.5 0.5 0 0 
CW
1000 1250 850 90 0 0 1000 0 0 0 0 0 0.5 0.5 0.5 0.5 0.5 0.5 0 0 
CW
1000 1250 1000 180 0 0 1000 0 0 0 0 0 0.5 0.5 0.5 0.5 0.5 0.5 0 0 
WA
1000 1250 1050 0 0 0 1000 0 0 0 0 0 0.5 0.5 0.5 0.5 0.5 0.5 0 0 
CW
1000 1300 850 270 0 0 1000 0 0 0 0 0 0.5 0.5 0.5 0.5 0.5 0.5 0 0 
WA
1000 1300 900 0 0 0 1000 0 0 0 0 0 0.5 0.5 0.5 0.5 0.5 0.5 0 0 
WA
1000 1300 950 0 0 0 1000 0 0 0 0 0 0.5 0.5 0.5 0.5 0.5 0.5 0 0 
WA
1000 1300 1000 0 0 0 1000 0 0 0 0 0 0.5 0.5 0.5 0.5 0.5 0.5 0 0 
WA
1000 1300 1050 0 0 0 1000 0 0 0 0 0 0.5 0.5 0.5 0.5 0.5 0.5 0 0 
CW
1000 1350 900 270 0 0 1000 0 0 0 0 0 0.5 0.5 0.5 0.5 0.5 0.5 0 0 
WA
1000 1350 950 0 0 0 1000 0 0 0 0 0 0.5 0.5 0.5 0.5 0.5 0.5 0 0 
WA
1000 1350 1000 0 0 0 1000 0 0 0 0 0 0.5 0.5 0.5 0.5 0.5 0.5 0 0 
WA
1000 1350 1050 0 0 0 1000 0 0 0 0 0 0.5 0.5 0.5 0.5 0.5 0.5 0 0 
CW
1000 1400 1050 270 0 0 1000 0 0 0 0 0 0.5 0.5 0.5 0.5 0.5 0.5 0 0 
CW
1000 1400 1100 90 0 0 1000 0 0 0 0 0 0.5 0.5 0.5 0.5 0.5 0.5 0 0 
CW
1000 1450 1100 270 0 0 1000 0 0 0 0 0 0.5 0.5 0.5 0.5 0.5 0.5 0 0 
CW
1000 1450 1150 90 0 0 1000 0 0 0 0 0 0.5 0.5 0.5 0.5 0.5 0.5 0 0 
CW
1000 1500 1150 270 0 0 1000 0 0 0 0 0 0.5 0.5 0.5 0.5 0.5 0.5 0 0 
CW
1000 1500 1200 90 0 0 1000 0 0 0 0 0 0.5 0.5 0.5 0.5 0.5 0.5 0 0 
WA
1000 1550 1200 0 0 0 1000 0 0 0 0 0 0.5 0.5 0.5 0.5 0.5 0.5 0 0 
CW
1000 1550 1250 90 0 0 1000 0 0 0 0 0 0.5 0.5 0.5 0.5 0.5 0.5 0 0 
CW
1000 1600 1200 270 0 0 1000 0 0 0 0 0 0.5 0.5 0.5 0.5 0.5 0.5 0 0 
WA
1000 1600 1250 0 0 0 1000 0 0 0 0 0 0.5 0.5 0.5 0.5 0.5 0.5 0 0 
CW
1000 1650 1250 270 0 0 1000 0 0 0 0 0 0.5 0.5 0.5 0.5 0.5 0.5 0 0 
WA
1000 1650 1300 0 0 0 1000 0 0 0 0 0 0.5 0.5 0.5 0.5 0.5 0.5 0 0 
CW
1000 1650 1350 90 0 0 1000 0 0 0 0 0 0.5 0.5 0.5 0.5 0.5 0.5 0 0 
CW
1000 1700 1300 270 0 0 1000 0 0 0 0 0 0.5 0.5 0.5 0.5 0.5 0.5 0 0 
WA
1000 1700 1350 0 0 0 1000 0 0 0 0 0 0.5 0.5 0.5 0.5 0.5 0.5 0 0 
CW
1000 1700 1400 90 0 0 1000 0 0 0 0 0 0.5 0.5 0.5 0.5 0.5 0.5 0 0 
WA
1000 1750 1400 0 0 0 1000 0 0 0 0 0 0.5 0.5 0.5 0.5 0.5 0.5 0 0 
CW
1000 1750 1450 90 0 0 1000 0 0 0 0 0 0.5 0.5 0.5 0.5 0.5 0.5 0 0 
CW
1000 1800 1400 270 0 0 1000 0 0 0 0 0 0.5 0.5 0.5 0.5 0.5 0.5 0 0 
WA
1000 1800 1450 0 0 0 1000 0 0 0 0 0 0.5 0.5 0.5 0.5 0.5 0.5 0 0 
WA
1000 1850 1450 0 0 0 1000 0 0 0 0 0 0.5 0.5 0.5 0.5 0.5 0.5 0 0 
CW
1000 1850 1500 90 0 0 1000 0 0 0 0 0 0.5 0.5 0.5 0.5 0.5 0.5 0 0 
CW
1000 1900 1450 270 0 0 1000 0 0 0 0 0 0.5 0.5 0.5 0.5 0.5 0.5 0 0 
WA
1000 1900 1500 0 0 0 1000 0 0 0 0 0 0.5 0.5 0.5 0.5 0.5 0.5 0 0 
WA
1000 1950 1500 0 0 0 1000 0 0 0 0 0 0.5 0.5 0.5 0.5 0.5 0.5 0 0 
WA
1000 1950 1550 0 0 0 1000 0 0 0 0 0 0.5 0.5 0.5 0.5 0.5 0.5 0 0 
OD
1000 600 1225 0 0 0 1000 0 0 0 0 0 0.5 0.5 0.5 0.5 0.5 0.5 0 0 1 0 
OD
1000 950 525 0 0 0 1000 0 0 0 0 0 0.5 0.5 0.5 0.5 0.5 0.5 0 0 1 0 
OD
1000 950 1125 0 0 0 1000 0 0 0 0 0 0.5 0.5 0.5 0.5 0.5 0.5 0 0 1 0 
OB
1000 100 1200 0 0 0 1000 0 0 0 0 0 0.5 0.5 0.5 0.5 0.5 0.5 0 0 
OB
1000 150 800 0 0 0 1000 0 0 0 0 0 0.5 0.5 0.5 0.5 0.5 0.5 0 0 
OB
1000 350 900 0 0 0 1000 0 0 0 0 0 0.5 0.5 0.5 0.5 0.5 0.5 0 0 
OB
1000 450 1450 0 0 0 1000 0 0 0 0 0 0.5 0.5 0.5 0.5 0.5 0.5 0 0 
OB
1000 550 1400 0 0 0 1000 0 0 0 0 0 0.5 0.5 0.5 0.5 0.5 0.5 0 0 
OB
1000 550 1750 0 0 0 1000 0 0 0 0 0 0.5 0.5 0.5 0.5 0.5 0.5 0 0 
OB
1000 600 1300 0 0 0 1000 0 0 0 0 0 0.5 0.5 0.5 0.5 0.5 0.5 0 0 
OB
1000 650 300 0 0 0 1000 0 0 0 0 0 0.5 0.5 0.5 0.5 0.5 0.5 0 0 
OB
1000 650 1750 0 0 0 1000 0 0 0 0 0 0.5 0.5 0.5 0.5 0.5 0.5 0 0 
OB
1000 700 1500 0 0 0 1000 0 0 0 0 0 0.5 0.5 0.5 0.5 0.5 0.5 0 0 
OB
1000 750 1400 0 0 0 1000 0 0 0 0 0 0.5 0.5 0.5 0.5 0.5 0.5 0 0 
EB
300 750 1950 0 0 0 300 0 0 0 0 0 0 0 0 0 0 0 0 0 0 
OB
1000 950 500 0 0 0 1000 0 0 0 0 0 0.5 0.5 0.5 0.5 0.5 0.5 0 0 
OB
1000 1050 400 0 0 0 1000 0 0 0 0 0 0.5 0.5 0.5 0.5 0.5 0.5 0 0 
OB
1000 1050 1250 0 0 0 1000 0 0 0 0 0 0.5 0.5 0.5 0.5 0.5 0.5 0 0 
EB
300 1050 1300 0 0 0 300 0 0 0 0 0 0 0 0 0 0 0 0 0 0 
EB
300 1350 1350 0 0 0 300 0 0 0 0 0 0 0 0 0 0 0 0 0 0 
OB
1000 1350 1550 0 0 0 1000 0 0 0 0 0 0.5 0.5 0.5 0.5 0.5 0.5 0 0 
OB
1000 1400 600 0 0 0 1000 0 0 0 0 0 0.5 0.5 0.5 0.5 0.5 0.5 0 0 
OB
1000 1450 800 0 0 0 1000 0 0 0 0 0 0.5 0.5 0.5 0.5 0.5 0.5 0 0 
OB
1000 1500 1250 0 0 0 1000 0 0 0 0 0 0.5 0.5 0.5 0.5 0.5 0.5 0 0 
OB
1000 1550 100 0 0 0 1000 0 0 0 0 0 0.5 0.5 0.5 0.5 0.5 0.5 0 0 
OB
1000 1550 650 0 0 0 1000 0 0 0 0 0 0.5 0.5 0.5 0.5 0.5 0.5 0 0 
EB
300 1700 1900 0 0 0 300 0 0 0 0 0 0 0 0 0 0 0 0 0 0 
EB
300 1750 800 0 0 0 300 0 0 0 0 0 0 0 0 0 0 0 0 0 0 
OB
1000 1950 950 0 0 0 1000 0 0 0 0 0 0.5 0.5 0.5 0.5 0.5 0.5 0 0 
OB
1000 1950 1900 0 0 0 1000 0 0 0 0 0 0.5 0.5 0.5 0.5 0.5 0.5 0 0 
CH
10000 1450 450 0 0 0 10000 0 0 0 0 0 0 0 0 0 0 0 0 0 3 0 -1 0 -1 4 2 
CH
10000 300 1000 0 0 0 10000 0 0 0 0 0 0 0 0 0 0 0 0 0 5 0 -1 2 7 5 3 0 -1 0 -1 
CH
10000 650 600 0 0 0 10000 0 0 0 0 0 0 0 0 0 0 0 0 0 2 4 7 3 6 
CH
10000 500 1150 0 0 0 10000 0 0 0 0 0 0 0 0 0 0 0 0 0 3 3 6 0 -1 3 2 
CH
10000 1700 1450 0 0 0 10000 0 0 0 0 0 0 0 0 0 0 0 0 0 2 0 -1 2 4 
END
MC 0 0
PL
10000 115 115 393.751 1.5 1.5 10100 100 0 0 1 0 0 0 0 0 0 0 1 6 0 19 16 6 17 9 18 5 19 6 20 15  0 0 -1 1000 1000 1000 1000 1000 1000 1000 1000 1000 1000 1 1 1 1 0 0 6000 0 1 6000 images/noEquipmentInSlot.png 0 0 0 0 0 0 0 0 0 6000 0 1 6000 images/noEquipmentInSlot.png 0 0 0 0 0 0 0 0 0 6000 0 1 6000 images/noEquipmentInSlot.png 0 0 0 0 0 0 0 3 1 -2066784874 

