-1 ID NAME DAMAGE AMMOMAX AMMOTYPE RELOADSPEED COOLDOWN DAMAGETYPE WEIGHT TARGETSIZEINCREMENT TARGETSIZEDECREMENT BASETARGETSIZE PROJECTILECOUNT
0 Pistol 10 30 0 500 50 0 0 10 15 2 10 1
1 HeavyPistol 35 10 0 500 80 0 30 15 2 10 1
2 Revolver 60 6 0 1000 100 0 55 15 2 10 1
3 GrenadeRevolver 100 6 5 1000 120 1 70 15 2 10 1
4 LaserPistol 20 15 2 500 40 2 25 15 2 10 1
5 Ingram 5 60 1 350 5 0 20 15 2 10 1
6 Thompson 3 100 1 1000 3 0 40 15 2 10 1
7 Uzi 7 50 1 350 7 0 25 15 2 10 1
8 MP5 12 32 1 600 12 0 40 15 2 10 1
9 RocketMachinegun 25 32 6 800 25 1 70 15 2 10 1
10 FastBlaster 15 30 2 700 5 7 35 15 2 10 1
11 BerettaM501 120 12 2 2500 150 0 100 15 2 10 1
12 Dragunov 180 8 2 2000 100 0 100 15 2 10 1
13 LaserSniperRifle 200 5 7 1500 120 2 180 15 2 10 1
14 BarretM82 500 5 2 4000 300 0 230 15 2 10 1
15 Sawn-Off 15 2 3 750 50 0 15 15 2 10 10
16 PumpAction 10 6 3 150 150 0 75 15 2 10 10 
17 Spas-12 7 9 3 1350 100 0 75 15 2 10 10
18 BlasterShotgun 5 5 7 1500 150 2 75 15 2 10 25
19 GrenadeShotgun 80 6 5 150 150 1 100 15 2 10 1
20 JackHammer 10 15 3 3000 20 0 120 15 2 10 10
21 Ak-47 15 30 4 600 15 0 60 15 2 10 1
22 SCAR 18 35 4 700 17 0 70 15 2 10 1
23 MK12 25 30 4 650 20 0 85 15 2 10 1
24 LaserRifle 15 40 7 600 15 2 0 15 2 10 1
25 TAR-21 15 30 4 700 20 0 85 15 2 10 1
26 BARM1918 40 30 8 2000 20 0 100 15 2 10 1
27 BrenMKII 30 50 8 2500 25 0 120 15 2 10 1
28 M61Vulcan 5 300 8 4500 3 0 200 15 2 10 1
29 KPVT-14 15 200 8 4000 12 0 150 15 2 10 1
30 LaserMinigun 15 150 7 1500 8 2 120 15 2 10 1
31 Grazjew-Szipunov 7 500 8 5000 1 0 230 15 2 10 1
32 Autocannon 100 40 9 3500 30 0 250 15 2 10 1